85
A0A3G8JSV3-O_Gordonia-G_styA-T_Query          0.0000000 1.3439874 1.2084823 1.2132065 1.1899607 1.1724284 3.8617500 4.1099457 4.2335486 4.1991961 4.1991961 4.2535459 4.2357471 4.2357471 4.2051542 3.4744034 3.9303663 3.7009162 3.9148759 4.2133816 4.1277399 4.1068059 3.9905298 4.1616882 3.4245304 3.4288793 3.3547457 3.3310734 3.3377918 2.7328488 3.8982102 3.0983433 3.0983433 3.4953642 3.1855812 3.2958920 3.1517936 2.7142578 3.0169985 3.2860997 3.2298236 3.1859044 3.1820999 3.0032141 2.8617106 3.0464632 3.2307153 3.3379963 2.8947964 3.5254839 3.4777564 3.0766062 3.3563166 3.2142801 3.2404079 3.2465708 3.2486830 3.2749035 3.1600230 2.9384227 2.9665284 3.1085079 3.1085079 3.1700337 3.1690758 3.1452764 3.1247137 3.1299861 3.1288234 3.2328094 2.9680464 2.9796057 3.0430663 3.0772392 3.2242107 3.0497928 3.0911965 3.1951964 3.1415468 3.1670341 3.1938024 3.1577888 3.1429842 2.9344535 2.8935661 
A0A231HD80-O_Nocardia-G_styA-T_Query          1.3439874 0.0000000 0.6885909 0.6750303 0.6721288 0.6674048 3.7222110 3.5752113 3.7333383 3.7443582 3.7443582 3.7622839 3.6556273 3.6556273 3.6321423 3.2757904 3.6211293 3.3561965 3.8655172 3.7143271 4.0291410 4.0690718 3.9522493 3.7169630 3.1193608 3.2773613 3.2669698 3.0046094 3.0087863 2.7879274 3.5044766 2.7203334 2.7203334 3.1294435 3.0794344 2.9024048 3.1770055 2.8259411 2.8235865 2.9445718 3.0958433 3.0448068 3.0778689 2.8409755 2.8917280 2.8053118 3.1129426 2.9159447 2.8084659 3.0593100 3.1275200 2.5825338 2.7061565 2.7689404 2.9531725 2.8739189 2.7617673 2.7877644 2.7607402 2.7086578 2.6354631 2.5908920 2.5908920 2.8181238 2.8286134 2.6802881 2.6990204 2.6805676 2.6065717 2.6309640 2.5370604 2.5806997 2.5792715 2.5930770 2.6611033 2.6980325 2.6354092 2.7133221 2.6185485 2.7092154 2.6653898 2.6635087 2.6338418 2.6325151 2.5682324 
A0A4R8R8G1-O_Mycobacteroides-G_styA-T_Query   1.2084823 0.6885909 0.0000000 0.1324944 0.1263858 0.1124677 4.1815786 4.1672597 4.2430301 4.3095384 4.3095384 4.3316712 4.2288405 4.2288405 4.1985390 3.9653884 4.2183982 3.9084649 3.9568971 4.1866074 4.1115154 4.2950386 4.0983782 4.2540979 3.1683155 3.1912821 3.1416633 2.9637923 3.0359208 2.8030966 3.5415628 2.8885276 2.8885276 3.2241036 3.0988312 2.8971611 3.0519520 2.7901302 2.8008109 2.9325692 2.9872106 2.9405457 2.9515678 2.7860637 2.7364017 2.9101356 3.3653515 3.1106985 2.7005794 3.1188296 3.0460749 2.8875320 2.9759953 3.0085864 2.9957934 2.9831994 3.0127789 3.0369546 2.9706326 2.8975954 2.7214743 2.8622672 2.8622672 2.9667633 2.9722044 2.9764666 2.8712505 2.9983221 2.9495987 3.0123415 2.8757432 2.8548861 2.9145703 2.9335715 2.8864493 3.0213654 2.9820184 2.9576125 2.8792449 2.9348260 2.8946430 2.8747957 2.8623055 2.9043240 2.7043238 
A0A4R8SU90-O_Mycobacteroides-G_styA-T_Query   1.2132065 0.6750303 0.1324944 0.0000000 0.0332886 0.0380652 4.1006734 4.1026546 4.1207936 4.2071840 4.2071840 4.2286050 4.1292868 4.1292868 4.1004262 3.9062787 4.1990676 3.9251846 4.1265929 4.2170614 4.2315450 4.3757006 4.2524913 4.3171068 2.9979710 3.1435554 3.0073472 2.8942076 2.9962305 2.7429507 3.4948959 2.7637947 2.7637947 3.1579127 3.0310394 3.0126774 3.0637268 2.7747729 2.8016050 3.0222349 2.9577102 2.9243979 2.9133343 2.7580629 2.7397638 2.8262383 3.5604252 3.0434145 2.6424161 2.9424200 2.9541048 2.8647593 2.8981264 3.0500706 3.0609541 2.9485931 2.9816579 3.0123014 2.9491317 2.9313177 2.7177419 2.8460903 2.8460903 3.0018578 3.0167610 3.0450785 2.9885118 3.0301089 3.0589914 3.1384234 2.9109567 2.8792023 2.9576281 2.9770007 3.0114518 3.0753368 3.0696345 2.9996350 2.9821470 3.0184414 2.9477756 2.9894773 2.9691603 2.8337635 2.7601134 
A0A4R8RYH8-O_Mycobacteroides-G_styA-T_Query   1.1899607 0.6721288 0.1263858 0.0332886 0.0000000 0.0164093 4.0645171 4.0342782 4.0841641 4.1696409 4.1696409 4.1908404 4.0926168 4.0926168 4.0642229 3.8599227 4.1747479 3.8857321 4.1670088 4.2436087 4.2271169 4.3270703 4.1984944 4.3390247 2.9939230 3.1356272 3.0260384 2.8880045 3.0201888 2.7739043 3.5503931 2.8038067 2.8038067 3.1846271 3.0576386 3.0153155 3.1285313 2.7645370 2.8240771 3.0284990 2.9607143 2.9274304 2.9163783 2.7582207 2.7608605 2.8429215 3.6956805 3.0631412 2.6412516 3.0196692 2.9918420 2.8334258 2.9379905 3.0275498 3.0754010 2.9305037 2.9464800 2.9664350 2.9037661 2.9065952 2.7599683 2.8435526 2.8435526 2.9967546 3.0029768 3.0253483 2.9883826 3.0422871 3.0461527 3.1223427 2.9158222 2.8641262 2.9584322 2.9777577 3.0173205 3.0686000 3.0602722 2.9860266 2.9481863 3.0025158 2.9320093 2.9790205 2.9588175 2.8438461 2.7444787 
A0A4R8SC98-O_Mycobacteroides-G_styA-T_Query   1.1724284 0.6674048 0.1124677 0.0380652 0.0164093 0.0000000 4.0730471 4.0502995 4.1005566 4.1865070 4.1865070 4.2078212 4.1090341 4.1090341 4.0804095 3.8337297 4.1412067 3.8755941 4.1375388 4.2356219 4.2139223 4.3388462 4.2090130 4.2473168 2.9671752 3.1338040 3.0012481 2.8643400 2.9961143 2.7577272 3.5185449 2.7887838 2.7887838 3.1798871 3.0305175 2.9825170 3.1046600 2.7539060 2.8197152 3.0061063 2.9379833 2.9049287 2.8939351 2.7389088 2.7098907 2.8158061 3.6992902 3.0534974 2.6723186 2.9999881 2.9825679 2.8272370 2.9147756 3.0347323 3.0875200 2.9123633 2.9199219 2.9440412 2.8815320 2.9042854 2.7379187 2.8241223 2.8241223 2.9889880 2.9861493 3.0046457 2.9640497 3.0219746 3.0235657 3.1016047 2.8950808 2.8481583 2.9345803 2.9537264 2.9971294 3.0481361 3.0430586 2.9670649 2.9292812 2.9832433 2.9328188 2.9578980 2.9377870 2.8256334 2.7257235 
D5KT95-O_Pseudomonas-G_styA-T_Query           3.8617500 3.7222110 4.1815786 4.1006734 4.0645171 4.0730471 0.0000000 0.1309205 0.1240028 0.1232562 0.1232562 0.1266312 0.1422768 0.1422768 0.1325602 0.7737428 0.7009086 0.6711858 0.6422131 0.6569940 0.6812295 0.7477182 0.7092239 2.6345954 2.7428151 2.8268867 2.8117086 2.8738327 3.1056859 2.9205474 3.5042268 2.5370624 2.5370624 2.7924230 2.8923475 2.6211540 2.7411459 2.4162209 2.4261126 2.7248884 2.7842976 2.7558812 2.7426335 2.6917587 2.5951885 2.8168550 3.0752866 2.7037580 2.5847084 2.7788374 2.6599944 2.6429270 2.6063451 2.5297367 2.3352074 2.7992434 2.5791639 2.5429976 2.5531574 2.5909186 2.5891670 2.5448701 2.5448701 2.6082889 2.5734069 2.4356676 2.4678315 2.4648120 2.5066403 2.5447677 2.5971679 2.5231658 2.5708078 2.5924846 2.5294274 2.5237844 2.5742081 2.5965863 2.5650998 2.5929783 2.5689763 2.5499371 2.5610434 2.7802375 2.6920483 
O33494-O_Pseudomonas-G_styA-T_Query           4.1099457 3.5752113 4.1672597 4.1026546 4.0342782 4.0502995 0.1309205 0.0000000 0.0614866 0.0583778 0.0583778 0.0613327 0.0588668 0.0588668 0.0503679 0.7503508 0.7030347 0.7138049 0.6453053 0.6352064 0.7014318 0.7404144 0.6877091 2.8039529 2.9495387 2.9020477 2.9025960 3.0070094 3.1517498 2.9581529 3.4902845 2.7507374 2.7507374 2.9852048 3.0614568 2.6724824 2.8365012 2.5430166 2.5612338 2.7261931 2.8823025 2.8526867 2.8386752 2.7628373 2.7391255 2.9868104 3.0134637 2.8028349 2.7551917 2.8615010 2.8538525 2.7343329 2.6354838 2.5402225 2.4215006 2.9267335 2.6043944 2.6133622 2.6241370 2.6409509 2.6628322 2.6254545 2.6254545 2.6523969 2.6188317 2.5754478 2.5077038 2.4987068 2.5350442 2.5741384 2.6434344 2.5675060 2.6272477 2.6496914 2.5994472 2.5792904 2.6262538 2.6534949 2.5724325 2.6230436 2.6024941 2.6177837 2.6066965 2.8416678 2.7635912 
O06834-O_Pseudomonas-G_styA-T_BLAST           4.2335486 3.7333383 4.2430301 4.1207936 4.0841641 4.1005566 0.1240028 0.0614866 0.0000000 0.0334459 0.0334459 0.0309491 0.0551363 0.0551363 0.0468024 0.7522137 0.7056784 0.7131373 0.6416939 0.6237878 0.6931113 0.7436464 0.6992669 2.7574127 2.8960635 2.9616958 2.9716407 3.0476859 3.2691754 2.9194587 3.5578219 2.7538446 2.7538446 2.9304850 3.0261690 2.6510921 2.7717604 2.5001405 2.4890749 2.6726122 2.8096381 2.7807689 2.7672593 2.6728682 2.6681837 2.8689000 2.8744052 2.8100255 2.6419863 2.8745565 2.8465374 2.7334916 2.5989945 2.5708988 2.4753291 2.8793320 2.6492066 2.6759436 2.6872780 2.6386654 2.6531411 2.6343049 2.6343049 2.6338581 2.6022969 2.5670030 2.5447147 2.5158402 2.5526789 2.5825759 2.6252657 2.5498977 2.6528010 2.6695538 2.5825637 2.5626006 2.6151915 2.6351839 2.6115680 2.6210614 2.5844141 2.5995834 2.5885357 2.8836395 2.8330718 
O50214-O_Pseudomonas-G_styA-T_BLAST           4.1991961 3.7443582 4.3095384 4.2071840 4.1696409 4.1865070 0.1232562 0.0583778 0.0334459 0.0000000 0.0000010 0.0075578 0.0308949 0.0308949 0.0229493 0.7678464 0.7086995 0.7265435 0.6501696 0.6402029 0.6987769 0.7369983 0.6881736 2.7677317 2.9928242 2.9821606 3.0024431 3.0592561 3.2857857 2.9497705 3.5893334 2.7596548 2.7596548 3.0199746 3.1211189 2.7236137 2.8932364 2.5796998 2.5674657 2.7902691 2.9013546 2.8716618 2.8575735 2.7883221 2.7802243 2.9564454 2.9569289 2.8641202 2.7210377 2.8976313 2.8719714 2.7699735 2.6659831 2.6471118 2.5182377 2.9258417 2.6569627 2.6891816 2.7006087 2.6463323 2.6722132 2.6624652 2.6624652 2.6546074 2.6228298 2.5839624 2.5522121 2.5233342 2.5601703 2.5998762 2.6329060 2.5557521 2.6604712 2.6833122 2.5901877 2.5701516 2.6228789 2.6428734 2.6192675 2.6287817 2.5920587 2.6072634 2.5962102 2.9074498 2.8373810 
V4GUG2-O_Pseudomonas-G_styA-T_Query           4.1991961 3.7443582 4.3095384 4.2071840 4.1696409 4.1865070 0.1232562 0.0583778 0.0334459 0.0000010 0.0000000 0.0075578 0.0308949 0.0308949 0.0229493 0.7678464 0.7086995 0.7265435 0.6501696 0.6402029 0.6987769 0.7369983 0.6881736 2.7677317 2.9928242 2.9821606 3.0024431 3.0592561 3.2857857 2.9497705 3.5893334 2.7596548 2.7596548 3.0199746 3.1211189 2.7236137 2.8932364 2.5796998 2.5674657 2.7902691 2.9013546 2.8716618 2.8575735 2.7883221 2.7802243 2.9564454 2.9569289 2.8641202 2.7210377 2.8976313 2.8719714 2.7699735 2.6659831 2.6471118 2.5182377 2.9258417 2.6569627 2.6891816 2.7006087 2.6463323 2.6722132 2.6624652 2.6624652 2.6546074 2.6228298 2.5839624 2.5522121 2.5233342 2.5601703 2.5998762 2.6329060 2.5557521 2.6604712 2.6833122 2.5901877 2.5701516 2.6228789 2.6428734 2.6192675 2.6287817 2.5920587 2.6072634 2.5962102 2.9074498 2.8373810 
O33471-O_Pseudomonas-G_styA-T_Query           4.2535459 3.7622839 4.3316712 4.2286050 4.1908404 4.2078212 0.1266312 0.0613327 0.0309491 0.0075578 0.0075578 0.0000000 0.0336396 0.0336396 0.0256282 0.7662875 0.7072985 0.7250940 0.6510177 0.6418078 0.7044069 0.7482439 0.6962565 2.7663460 2.9901505 2.9965489 3.0291631 3.0670433 3.3070467 2.9679356 3.6190038 2.7937638 2.7937638 3.0338681 3.1359441 2.7487112 2.8789607 2.5829388 2.5706415 2.7707701 2.9152547 2.8854012 2.8712077 2.7860032 2.7639498 2.9434749 2.9990121 2.8899787 2.7278628 2.9117633 2.9068774 2.7995700 2.6916805 2.6671081 2.5424403 2.9339710 2.6868687 2.7090113 2.7249662 2.6758579 2.6907160 2.6718670 2.6718670 2.6845762 2.6524760 2.6201637 2.5765126 2.5475367 2.5887698 2.6193563 2.6622862 2.5859173 2.6900558 2.7070893 2.6150236 2.5990052 2.6524087 2.6724757 2.6488338 2.6584582 2.6213333 2.6367187 2.6256123 2.9440022 2.8733189 
ABB03727.1-O_Pseudomonas-NCBI                 4.2357471 3.6556273 4.2288405 4.1292868 4.0926168 4.1090341 0.1422768 0.0588668 0.0551363 0.0308949 0.0308949 0.0336396 0.0000000 0.0000010 0.0127104 0.7715631 0.7202493 0.7272961 0.6655594 0.6441572 0.7267267 0.7703154 0.7163146 2.7716327 3.0306096 3.0323761 3.0237890 3.0229268 3.2956663 3.0327201 3.6006945 2.7525601 2.7525601 3.0163687 3.1237854 2.7589157 2.8970050 2.6095213 2.5985413 2.8377934 2.9561711 2.9259585 2.9115084 2.7981137 2.7656085 3.0299873 3.0203926 2.9452633 2.8132727 2.9845263 2.9168861 2.8343713 2.6985931 2.6480380 2.5227124 2.9753393 2.6993638 2.6878651 2.6992744 2.6642243 2.6957911 2.7141399 2.7141399 2.7100682 2.6757605 2.5823738 2.5695294 2.5342953 2.5825355 2.6227961 2.6559814 2.5796923 2.6719190 2.6948877 2.6014396 2.5927288 2.6460578 2.6661374 2.6424699 2.6520840 2.6149947 2.6303619 2.6192517 2.8910066 2.8149201 
Q0H7E8-O_Pseudomonas-G_styA-T_Query           4.2357471 3.6556273 4.2288405 4.1292868 4.0926168 4.1090341 0.1422768 0.0588668 0.0551363 0.0308949 0.0308949 0.0336396 0.0000010 0.0000000 0.0127104 0.7715631 0.7202493 0.7272961 0.6655594 0.6441572 0.7267267 0.7703154 0.7163146 2.7716327 3.0306096 3.0323761 3.0237890 3.0229268 3.2956663 3.0327201 3.6006945 2.7525601 2.7525601 3.0163687 3.1237854 2.7589157 2.8970050 2.6095213 2.5985413 2.8377934 2.9561711 2.9259585 2.9115084 2.7981137 2.7656085 3.0299873 3.0203926 2.9452633 2.8132727 2.9845263 2.9168861 2.8343713 2.6985931 2.6480380 2.5227124 2.9753393 2.6993638 2.6878651 2.6992744 2.6642243 2.6957911 2.7141399 2.7141399 2.7100682 2.6757605 2.5823738 2.5695294 2.5342953 2.5825355 2.6227961 2.6559814 2.5796923 2.6719190 2.6948877 2.6014396 2.5927288 2.6460578 2.6661374 2.6424699 2.6520840 2.6149947 2.6303619 2.6192517 2.8910066 2.8149201 
B1NY94-O_Pseudomonas-G_styA-T_Query           4.2051542 3.6321423 4.1985390 4.1004262 4.0642229 4.0804095 0.1325602 0.0503679 0.0468024 0.0229493 0.0229493 0.0256282 0.0127104 0.0127104 0.0000000 0.7597716 0.7128818 0.7177963 0.6633165 0.6419203 0.7210214 0.7538469 0.7058585 2.7788034 2.9637991 2.9541014 2.9458504 3.0080112 3.2294605 2.9810024 3.5430619 2.7302316 2.7302316 2.9959205 3.0814114 2.6995578 2.8474627 2.5372819 2.5404016 2.7715388 2.8716384 2.8511928 2.8372952 2.7870873 2.7407412 2.9579525 2.9974772 2.8752144 2.7475670 2.9135786 2.8483640 2.7748056 2.6601745 2.6091916 2.5004597 2.9320913 2.6538941 2.6707754 2.6820181 2.6589387 2.6784096 2.6681578 2.6681578 2.6641412 2.6305114 2.5773458 2.5646198 2.5294818 2.5662751 2.6060504 2.6390533 2.5634733 2.6666134 2.6894739 2.5963675 2.5762941 2.6290747 2.6490496 2.6254771 2.6349977 2.5982532 2.6134702 2.6024246 2.8846117 2.8088610 
G3XEX2-O_Rhodococcus-G_styA-T_Query           3.4744034 3.2757904 3.9653884 3.9062787 3.8599227 3.8337297 0.7737428 0.7503508 0.7522137 0.7678464 0.7678464 0.7662875 0.7715631 0.7715631 0.7597716 0.0000000 0.4343995 0.3913154 0.7321415 0.7345984 0.7359969 0.7788800 0.7352947 2.7058423 2.8903200 2.9823318 2.9556967 2.8127815 3.0094253 3.0563995 3.4134722 2.4738701 2.4738701 2.6460799 2.6496151 2.5078502 2.6618006 2.7161571 2.6670982 2.4895349 2.9203059 2.8760208 2.8766218 2.6160499 2.5064744 2.7202919 2.8883861 2.6758970 2.6725927 2.8198078 2.7764405 2.8212610 2.5440703 2.5037339 2.5352528 2.7042583 2.5356473 2.5582802 2.5560143 2.3839591 2.3937618 2.5628380 2.5628380 2.5434989 2.4318771 2.3285231 2.2852062 2.3328298 2.3143932 2.3474430 2.4082417 2.4174715 2.3499132 2.3097708 2.3394189 2.3504683 2.4397231 2.4976352 2.4021425 2.4789145 2.4987161 2.4718147 2.4626428 2.6243699 2.5735067 
A0A076JVU4-O_Rhodococcus-G_styA-T_Query       3.9303663 3.6211293 4.2183982 4.1990676 4.1747479 4.1412067 0.7009086 0.7030347 0.7056784 0.7086995 0.7086995 0.7072985 0.7202493 0.7202493 0.7128818 0.4343995 0.0000000 0.2881236 0.6965302 0.6982607 0.6831585 0.7241012 0.6811049 2.7806149 2.8379966 2.9027226 2.8836976 2.7529022 2.9255975 3.1858917 3.2973571 2.4500316 2.4500316 2.5674611 2.6844118 2.3492561 2.7375410 2.5795526 2.5417947 2.6604659 2.7700977 2.7771402 2.7732654 2.7008604 2.4523959 2.7365036 2.5413091 2.6914950 2.5252541 2.6437461 2.6228162 2.7532310 2.5293616 2.4553089 2.4038585 2.7182686 2.6538816 2.6310308 2.6022539 2.4622628 2.4661820 2.6316314 2.6316314 2.4937399 2.4663875 2.4074834 2.3792935 2.4424671 2.4497130 2.4785855 2.5299969 2.5378187 2.4715431 2.4611223 2.4390196 2.4496223 2.5536168 2.5895439 2.5167278 2.5447263 2.5294289 2.5314192 2.5242455 2.7193758 2.5950507 
G3XEX5-O_Rhodococcus-G_styA-T_Query           3.7009162 3.3561965 3.9084649 3.9251846 3.8857321 3.8755941 0.6711858 0.7138049 0.7131373 0.7265435 0.7265435 0.7250940 0.7272961 0.7272961 0.7177963 0.3913154 0.2881236 0.0000000 0.5724802 0.5512449 0.6023660 0.6094694 0.5925706 2.7393446 2.6495974 2.7363111 2.7493096 2.6055562 2.9015217 2.9689874 3.3562458 2.3128018 2.3128018 2.4549747 2.5348939 2.3441932 2.5624333 2.4403834 2.4068819 2.5155898 2.5955641 2.6115066 2.5957212 2.5087037 2.3514991 2.5567450 2.7023260 2.6026840 2.4272078 2.5979784 2.5348363 2.7241712 2.4500072 2.2861306 2.3491054 2.5540558 2.5098189 2.5116130 2.4960231 2.3833651 2.3148736 2.5373773 2.5373773 2.4185349 2.3822822 2.3354071 2.2778351 2.3483993 2.2802716 2.2818756 2.3303868 2.4057402 2.2848915 2.2863469 2.3334917 2.3180907 2.4558598 2.4523217 2.3726850 2.4298855 2.4144295 2.4153965 2.4061588 2.5819624 2.4711445 
A0A0A7PAQ5-O_Sphingopyxis-G_styA-T_Query      3.9148759 3.8655172 3.9568971 4.1265929 4.1670088 4.1375388 0.6422131 0.6453053 0.6416939 0.6501696 0.6501696 0.6510177 0.6655594 0.6655594 0.6633165 0.7321415 0.6965302 0.5724802 0.0000000 0.2312351 0.4280007 0.4645689 0.4263663 2.5903204 2.5974008 2.8079605 2.8188138 2.6941954 2.8224023 2.8382066 3.4643810 2.3773990 2.3773990 2.6146876 2.6981377 2.3002967 2.4944480 2.6773895 2.5800027 2.5690731 2.5667472 2.5274895 2.5116159 2.5707239 2.5055042 2.7526175 2.6407976 2.5152900 2.4352960 2.4027330 2.6547422 2.6468337 2.5025492 2.4685706 2.3289474 2.6657698 2.5609744 2.5334992 2.5015289 2.3792706 2.3377413 2.4729420 2.4729420 2.3994630 2.3536679 2.3533427 2.3930948 2.2781480 2.3336599 2.3529863 2.2909306 2.3553118 2.2870955 2.3292230 2.2899118 2.3220751 2.4181916 2.4193981 2.3708238 2.3689906 2.3435801 2.3406662 2.3332462 2.6116020 2.4661529 
A0A5E7ZI74-O_Sphingomonas-G_styA-T_Query      4.2133816 3.7143271 4.1866074 4.2170614 4.2436087 4.2356219 0.6569940 0.6352064 0.6237878 0.6402029 0.6402029 0.6418078 0.6441572 0.6441572 0.6419203 0.7345984 0.6982607 0.5512449 0.2312351 0.0000000 0.4852992 0.5240056 0.4743911 2.6823200 2.6266717 2.7492511 2.7342456 2.6658407 2.8410675 2.7951661 3.4401553 2.5487344 2.5487344 2.7091464 2.7112795 2.4845390 2.5387090 2.5310303 2.4209515 2.5627733 2.4842049 2.4573650 2.4381811 2.4837208 2.4410277 2.6483027 2.8854927 2.6306875 2.4524763 2.4394441 2.7430259 2.7007195 2.4665423 2.3989807 2.3698256 2.6859707 2.5735741 2.4614883 2.4462562 2.3571586 2.3170511 2.4389803 2.4389803 2.4318282 2.3800461 2.3263418 2.3979331 2.2514093 2.3274676 2.3461198 2.2873874 2.3081293 2.2841002 2.2985807 2.2620347 2.2911588 2.3612425 2.3939657 2.3653282 2.3455074 2.3154551 2.3074071 2.3018558 2.5396043 2.4896922 
A0A5P3A479-O_Rhodobacteraceae-G_styA-T_Query  4.1277399 4.0291410 4.1115154 4.2315450 4.2271169 4.2139223 0.6812295 0.7014318 0.6931113 0.6987769 0.6987769 0.7044069 0.7267267 0.7267267 0.7210214 0.7359969 0.6831585 0.6023660 0.4280007 0.4852992 0.0000000 0.2445842 0.2235670 2.9111791 2.7372902 2.6426271 2.6750870 2.7638315 2.9536096 2.7241800 3.5372140 2.4981016 2.4981016 2.6274275 2.8191061 2.3969514 2.6806229 2.7005101 2.6707768 2.6984701 2.7710589 2.7564363 2.7430624 2.5892210 2.4818227 2.7001766 2.9093792 2.6684854 2.6892679 2.5386384 2.6747521 2.8205241 2.6422134 2.3813974 2.3873654 2.8750102 2.7161619 2.7176363 2.7038364 2.5570049 2.5246846 2.6967166 2.6967166 2.5423050 2.4262916 2.5353084 2.5071146 2.5111395 2.4797029 2.4603571 2.4868115 2.4911765 2.4837705 2.4955978 2.4731113 2.4875366 2.5198312 2.5440356 2.5429445 2.5272847 2.5396697 2.4973118 2.4887590 2.8792072 2.7578092 
A0A0P1GIF2-O_Tropicibacter-G_styA-T_Query     4.1068059 4.0690718 4.2950386 4.3757006 4.3270703 4.3388462 0.7477182 0.7404144 0.7436464 0.7369983 0.7369983 0.7482439 0.7703154 0.7703154 0.7538469 0.7788800 0.7241012 0.6094694 0.4645689 0.5240056 0.2445842 0.0000000 0.1069546 3.1696292 3.0991467 3.0780354 3.0155970 3.1271931 3.2275525 2.8432838 3.8029428 2.7204519 2.7204519 2.8286132 2.9263476 2.5519241 2.8962239 2.7624130 2.7511462 2.8839928 2.7872533 2.7622515 2.7629417 2.8062509 2.6361286 2.8739653 2.8871115 2.9112386 2.7122343 2.6766369 2.8293585 2.8080655 2.7478557 2.4622680 2.4394199 2.9720814 2.6368693 2.7128623 2.6981396 2.5068355 2.5030140 2.7045579 2.7045579 2.4892889 2.4174093 2.5932139 2.4350251 2.4782722 2.4218014 2.4419723 2.4471121 2.4893193 2.4369750 2.4659016 2.4581846 2.4624532 2.4994702 2.5627516 2.5436403 2.5314974 2.4977903 2.5010991 2.4813141 2.8821504 2.6841123 
A0A2I7KGG0-O_Phaeobacter-G_styA-T_Query       3.9905298 3.9522493 4.0983782 4.2524913 4.1984944 4.2090130 0.7092239 0.6877091 0.6992669 0.6881736 0.6881736 0.6962565 0.7163146 0.7163146 0.7058585 0.7352947 0.6811049 0.5925706 0.4263663 0.4743911 0.2235670 0.1069546 0.0000000 2.9003753 2.8328854 2.7410692 2.7577697 2.7937348 2.9930794 2.7080500 3.5629383 2.7193727 2.7193727 2.7325569 2.8577638 2.3795013 2.7394068 2.7120245 2.6473644 2.6241111 2.6667082 2.6424534 2.6430138 2.5952286 2.4651919 2.7174368 2.9823645 2.7548235 2.6405799 2.5270276 2.7187338 2.7059177 2.6312067 2.4023402 2.4135473 2.8819977 2.6077704 2.5964400 2.5826986 2.4582041 2.4385340 2.6404650 2.6404650 2.3970301 2.3431314 2.5276576 2.4136524 2.4296679 2.3976675 2.3965340 2.3969558 2.4190681 2.4058820 2.4328753 2.3971904 2.4023726 2.4597442 2.4849600 2.4695258 2.4441633 2.4120170 2.4291615 2.4106394 2.8363376 2.6461498 
A0A2M9MZG3-O_Paenibacillus-G_styA-T_Query     4.1616882 3.7169630 4.2540979 4.3171068 4.3390247 4.2473168 2.6345954 2.8039529 2.7574127 2.7677317 2.7677317 2.7663460 2.7716327 2.7716327 2.7788034 2.7058423 2.7806149 2.7393446 2.5903204 2.6823200 2.9111791 3.1696292 2.9003753 0.0000000 3.0334394 3.1184378 3.1008484 2.9796074 3.0016124 2.6134586 3.5270159 2.4518879 2.4518879 2.7570288 2.8002514 2.5116950 2.7340322 2.7018243 2.5665651 2.7654074 2.7322746 2.7445581 2.6957512 2.7409666 2.5208897 2.5654770 2.8784546 2.6995558 2.7733629 2.6738437 2.7339658 2.5851132 2.3934276 2.5880832 2.6534092 2.4023547 2.3733826 2.2873976 2.2684411 2.2964887 2.3067831 2.4213616 2.4213616 2.4062872 2.4232859 2.3172794 2.2377858 2.2916224 2.3148356 2.2724057 2.2206411 2.1922421 2.2835810 2.2889087 2.2844993 2.3424278 2.2737084 2.2242857 2.1663057 2.2131464 2.2140525 2.2027824 2.1985984 2.6480084 2.3589666 
A0A1Z4QHQ6-O_Cylindrospermum-G_styA-T_Query   3.4245304 3.1193608 3.1683155 2.9979710 2.9939230 2.9671752 2.7428151 2.9495387 2.8960635 2.9928242 2.9928242 2.9901505 3.0306096 3.0306096 2.9637991 2.8903200 2.8379966 2.6495974 2.5974008 2.6266717 2.7372902 3.0991467 2.8328854 3.0334394 0.0000000 0.6987872 0.7635925 0.6526397 0.6972469 1.6858508 2.2928495 1.7882100 1.7882100 1.9759651 1.8840569 1.7677268 1.8550492 1.7416931 1.7631419 1.9455697 1.6673578 1.6689000 1.6483671 1.6763004 1.6948159 1.6761587 1.8183343 1.7070877 1.5861674 1.6857653 1.6929840 1.7442090 1.7512369 1.8754905 1.6665839 1.8713279 1.9371490 1.8492799 1.8468331 1.8928527 1.8673564 1.7560930 1.7560930 1.8129511 1.7951434 1.8942627 1.8648909 1.8272449 1.8323867 1.8537498 1.7553759 1.8273922 1.8368544 1.8509032 1.7636555 1.8250990 1.8045352 1.8233816 1.7687516 1.7666537 1.7710168 1.7538668 1.7420782 1.9112899 2.0245261 
A0A1Z4GVE6-O_Calothrix-G_styA-T_Query         3.4288793 3.2773613 3.1912821 3.1435554 3.1356272 3.1338040 2.8268867 2.9020477 2.9616958 2.9821606 2.9821606 2.9965489 3.0323761 3.0323761 2.9541014 2.9823318 2.9027226 2.7363111 2.8079605 2.7492511 2.6426271 3.0780354 2.7410692 3.1184378 0.6987872 0.0000000 0.1900226 0.4364049 0.4044942 1.7486525 2.2350977 1.7707748 1.7707748 2.0029634 1.9781740 1.8105412 1.9749832 1.7678244 1.8243805 2.0274430 1.7128492 1.6896828 1.6715558 1.8009614 1.6751387 1.6973997 1.7148812 1.6974887 1.6921113 1.6932058 1.6915442 1.7875629 1.8594413 1.9580664 1.8015062 1.9914716 1.9563261 1.8685246 1.8282733 1.8914801 1.8412610 1.8365208 1.8365208 1.7729521 1.7924748 1.8974632 1.8233782 1.8253795 1.7995565 1.8142254 1.7468471 1.7754933 1.8665142 1.8734348 1.7544438 1.8025728 1.7928504 1.7729984 1.7854413 1.7607633 1.7592795 1.7677604 1.7609329 1.8492118 1.9123457 
A0A1Z4HQI8-O_Nostoc-G_styA-T_Query            3.3547457 3.2669698 3.1416633 3.0073472 3.0260384 3.0012481 2.8117086 2.9025960 2.9716407 3.0024431 3.0024431 3.0291631 3.0237890 3.0237890 2.9458504 2.9556967 2.8836976 2.7493096 2.8188138 2.7342456 2.6750870 3.0155970 2.7577697 3.1008484 0.7635925 0.1900226 0.0000000 0.4833002 0.4147901 1.6574930 2.2844612 1.7164779 1.7164779 1.9214541 1.9162135 1.7975864 1.9453782 1.7706437 1.8201649 1.9779397 1.7385166 1.7120438 1.7042914 1.7992288 1.6909361 1.6875124 1.7527441 1.6865536 1.7525024 1.7241414 1.7672670 1.8003537 1.8900680 1.8834929 1.7824428 1.9254433 1.9100854 1.8376470 1.7700056 1.8329615 1.7873567 1.8220503 1.8220503 1.7481625 1.7917040 1.8645664 1.8203903 1.7975745 1.7463778 1.7887401 1.7233725 1.7321363 1.8263435 1.8567131 1.7496295 1.7675252 1.8029805 1.7075545 1.7286110 1.7195532 1.7315239 1.7151253 1.7166036 1.7748418 1.8663408 
A0A0S3TKC2-O_Fischerella-G_styA-T_Query       3.3310734 3.0046094 2.9637923 2.8942076 2.8880045 2.8643400 2.8738327 3.0070094 3.0476859 3.0592561 3.0592561 3.0670433 3.0229268 3.0229268 3.0080112 2.8127815 2.7529022 2.6055562 2.6941954 2.6658407 2.7638315 3.1271931 2.7937348 2.9796074 0.6526397 0.4364049 0.4833002 0.0000000 0.3853272 1.7607798 2.2486485 1.8023715 1.8023715 1.9544453 1.9481399 1.7312518 2.0848843 1.8629439 1.8647953 2.0680808 1.8257313 1.8129182 1.7819003 1.7896368 1.7010596 1.6990014 1.9235303 1.7133626 1.7385558 1.7755132 1.8478850 1.8292412 2.0784518 2.0472303 1.8485084 2.0038579 2.0376155 1.8480632 1.8484603 1.9929994 1.8637805 1.9154263 1.9154263 1.9164196 1.9264279 1.9164537 1.9128416 1.8612928 1.8325961 1.8658532 1.7928915 1.8386540 1.8755953 1.9068438 1.8201383 1.8435999 1.8649351 1.8371935 1.8445642 1.8373609 1.8450501 1.8259357 1.8230956 1.8828067 1.9235238 
A0A218QPZ8-O_Tolypothrix-G_styA-T_Query       3.3377918 3.0087863 3.0359208 2.9962305 3.0201888 2.9961143 3.1056859 3.1517498 3.2691754 3.2857857 3.2857857 3.3070467 3.2956663 3.2956663 3.2294605 3.0094253 2.9255975 2.9015217 2.8224023 2.8410675 2.9536096 3.2275525 2.9930794 3.0016124 0.6972469 0.4044942 0.4147901 0.3853272 0.0000000 1.6727980 2.2216569 1.7461102 1.7461102 1.9209319 1.8632611 1.7078085 1.8759831 1.7007374 1.7082878 1.8970762 1.7183244 1.7277128 1.6985309 1.6868489 1.5886699 1.5785806 1.8442877 1.6633425 1.6538959 1.6906460 1.7433251 1.7210654 1.8862388 1.9538639 1.8159397 1.8603911 1.8629393 1.7386055 1.7522563 1.8499994 1.7330377 1.7632572 1.7632572 1.7551372 1.7975467 1.8520488 1.7793013 1.7396311 1.6940944 1.7161038 1.6605547 1.7000925 1.7540643 1.7715046 1.7041022 1.7282085 1.7508966 1.6830959 1.7010303 1.6822414 1.6894677 1.7054846 1.6883900 1.8003732 1.8601940 
A0A2U3MZP5-O_Acinetobacter-G_styA-T_Query     2.7328488 2.7879274 2.8030966 2.7429507 2.7739043 2.7577272 2.9205474 2.9581529 2.9194587 2.9497705 2.9497705 2.9679356 3.0327201 3.0327201 2.9810024 3.0563995 3.1858917 2.9689874 2.8382066 2.7951661 2.7241800 2.8432838 2.7080500 2.6134586 1.6858508 1.7486525 1.6574930 1.7607798 1.6727980 0.0000000 2.3643373 1.5278770 1.5278770 1.7731008 1.7961049 1.6933791 1.7534906 1.6388928 1.6011714 1.9151478 1.4895899 1.4873949 1.4851975 1.5550448 1.6086844 1.5481035 1.7201564 1.7216156 1.5164020 1.6729445 1.6712572 1.8486042 1.7971809 1.8637313 1.8067354 1.8230857 1.7686429 1.7444711 1.7397765 1.6802368 1.7172446 1.7469282 1.7469282 1.7320960 1.7509008 1.7006236 1.7433461 1.7112293 1.6808239 1.7299310 1.7019258 1.6805943 1.7685444 1.7804664 1.7201935 1.7171083 1.6940096 1.7315816 1.6761881 1.7234542 1.6715870 1.7154658 1.6896338 1.7945666 1.7821733 
A0A4P6Q2G5-O_Streptomonospora-G_styA-T_Query  3.8982102 3.5044766 3.5415628 3.4948959 3.5503931 3.5185449 3.5042268 3.4902845 3.5578219 3.5893334 3.5893334 3.6190038 3.6006945 3.6006945 3.5430619 3.4134722 3.2973571 3.3562458 3.4643810 3.4401553 3.5372140 3.8029428 3.5629383 3.5270159 2.2928495 2.2350977 2.2844612 2.2486485 2.2216569 2.3643373 0.0000000 1.8835088 1.8835088 2.3968817 2.2337797 1.8710549 2.1317380 2.0586584 2.0201898 2.1448182 1.9809591 1.9571294 1.9443959 2.0468167 1.9299596 1.9661349 1.9839357 1.9024331 1.8735965 2.0840183 2.0272627 1.8651034 1.5795186 1.5262941 1.5372412 1.5723590 1.5981232 1.5884864 1.5895535 1.5468271 1.4937877 1.4949130 1.4949130 1.4410274 1.4337003 1.5174623 1.4543216 1.4772909 1.4887310 1.5165144 1.5099393 1.4322778 1.4891887 1.4703241 1.4781317 1.4829201 1.4735970 1.5021037 1.4960205 1.4927734 1.5004582 1.4979781 1.4861565 1.5783528 1.4686348 
A0A649YNL6-O_Vibrio-G_styA-T_Query            3.0983433 2.7203334 2.8885276 2.7637947 2.8038067 2.7887838 2.5370624 2.7507374 2.7538446 2.7596548 2.7596548 2.7937638 2.7525601 2.7525601 2.7302316 2.4738701 2.4500316 2.3128018 2.3773990 2.5487344 2.4981016 2.7204519 2.7193727 2.4518879 1.7882100 1.7707748 1.7164779 1.8023715 1.7461102 1.5278770 1.8835088 0.0000000 0.0000010 1.2734869 1.2234079 1.0513722 1.0784812 1.0500089 1.0435761 1.1064098 1.1034096 1.1032212 1.1048139 0.9896136 0.9591090 0.9643760 1.0375718 0.8742002 0.9263626 0.8855700 0.8363996 1.3797156 1.1539975 1.2078366 1.0183028 1.1927226 1.1429538 1.1107837 1.1191397 1.1229369 1.1444182 1.1123647 1.1123647 1.1052608 1.0809545 0.9872455 1.0477699 1.0341198 1.0403762 1.0564039 1.0715689 1.0310206 1.0076058 1.0177671 1.0300210 1.0334437 1.0512504 1.0692167 1.0951970 1.0555776 1.0573984 1.0774098 1.0718455 1.1994224 1.1901955 
A0A6B8N974-O_Vibrio-G_styA-T_Query            3.0983433 2.7203334 2.8885276 2.7637947 2.8038067 2.7887838 2.5370624 2.7507374 2.7538446 2.7596548 2.7596548 2.7937638 2.7525601 2.7525601 2.7302316 2.4738701 2.4500316 2.3128018 2.3773990 2.5487344 2.4981016 2.7204519 2.7193727 2.4518879 1.7882100 1.7707748 1.7164779 1.8023715 1.7461102 1.5278770 1.8835088 0.0000010 0.0000000 1.2734869 1.2234079 1.0513722 1.0784812 1.0500089 1.0435761 1.1064098 1.1034096 1.1032212 1.1048139 0.9896136 0.9591090 0.9643760 1.0375718 0.8742002 0.9263626 0.8855700 0.8363996 1.3797156 1.1539975 1.2078366 1.0183028 1.1927226 1.1429538 1.1107837 1.1191397 1.1229369 1.1444182 1.1123647 1.1123647 1.1052608 1.0809545 0.9872455 1.0477699 1.0341198 1.0403762 1.0564039 1.0715689 1.0310206 1.0076058 1.0177671 1.0300210 1.0334437 1.0512504 1.0692167 1.0951970 1.0555776 1.0573984 1.0774098 1.0718455 1.1994224 1.1901955 
A1K6V0-O_Azoarcus-G_styA-T_Query              3.4953642 3.1294435 3.2241036 3.1579127 3.1846271 3.1798871 2.7924230 2.9852048 2.9304850 3.0199746 3.0199746 3.0338681 3.0163687 3.0163687 2.9959205 2.6460799 2.5674611 2.4549747 2.6146876 2.7091464 2.6274275 2.8286132 2.7325569 2.7570288 1.9759651 2.0029634 1.9214541 1.9544453 1.9209319 1.7731008 2.3968817 1.2734869 1.2734869 0.0000000 0.3120945 0.9252304 0.7551922 0.7544383 0.7579100 0.8113296 0.6924146 0.6947573 0.6872219 0.7323579 0.8343839 0.7752723 0.9616449 0.9057603 0.8414665 0.9353196 1.0152667 1.5510559 1.3634833 1.2768461 1.1389647 1.2361325 1.1799281 1.1222908 1.1181863 1.2042920 1.1350024 1.0986527 1.0986527 1.1515343 1.1654601 1.0922482 1.1080745 1.0835172 1.0775235 1.0941166 1.1378863 1.1911494 1.1108719 1.1263012 1.0878858 1.1002070 1.1003409 1.1303625 1.1333573 1.0966176 1.0818228 1.1070330 1.1029611 1.2698104 1.1721568 
H0PTL5-O_Azoarcus-G_styA-T_Query              3.1855812 3.0794344 3.0988312 3.0310394 3.0576386 3.0305175 2.8923475 3.0614568 3.0261690 3.1211189 3.1211189 3.1359441 3.1237854 3.1237854 3.0814114 2.6496151 2.6844118 2.5348939 2.6981377 2.7112795 2.8191061 2.9263476 2.8577638 2.8002514 1.8840569 1.9781740 1.9162135 1.9481399 1.8632611 1.7961049 2.2337797 1.2234079 1.2234079 0.3120945 0.0000000 0.9683135 0.7787344 0.8060155 0.8289902 0.8513160 0.7428284 0.7451941 0.7365340 0.7599115 0.8245807 0.7924437 0.9674702 0.9428951 0.8778194 0.9147709 0.9970062 1.6415228 1.3701414 1.2473202 1.1559447 1.1713478 1.1986798 1.1479891 1.1684760 1.1797443 1.1204897 1.1593144 1.1593144 1.1450129 1.1696508 1.0933386 1.0717373 1.0839840 1.0546727 1.0794496 1.1161280 1.1631813 1.0666510 1.0824860 1.0793717 1.1074217 1.1190470 1.0838878 1.1105101 1.0747632 1.0688902 1.0657600 1.0754753 1.2828427 1.2294895 
A0A447IC41-O_Devosia-G_styA-T_Query           3.2958920 2.9024048 2.8971611 3.0126774 3.0153155 2.9825170 2.6211540 2.6724824 2.6510921 2.7236137 2.7236137 2.7487112 2.7589157 2.7589157 2.6995578 2.5078502 2.3492561 2.3441932 2.3002967 2.4845390 2.3969514 2.5519241 2.3795013 2.5116950 1.7677268 1.8105412 1.7975864 1.7312518 1.7078085 1.6933791 1.8710549 1.0513722 1.0513722 0.9252304 0.9683135 0.0000000 0.9231509 0.8105461 0.8246181 0.8591377 0.8298953 0.8058333 0.8151352 0.7357716 0.8305258 0.9006656 0.8254548 0.7488816 0.6057109 0.6510408 0.7174258 1.1959600 1.1965844 1.1272611 1.0118561 1.0797234 1.0673132 1.0450129 1.0506456 1.0886777 0.9990050 0.9149457 0.9149457 0.9596807 0.9608349 0.9572720 1.0022476 1.0185607 0.9331942 0.9460700 0.9986949 0.9478791 0.9622725 0.9714326 0.9565256 0.9343886 0.9451114 0.9324580 0.9630780 0.9543995 0.9458296 0.9476379 0.9401177 1.1897007 1.0949895 
A0A158CP85-O_Caballeronia-G_styA-T_Query      3.1517936 3.1770055 3.0519520 3.0637268 3.1285313 3.1046600 2.7411459 2.8365012 2.7717604 2.8932364 2.8932364 2.8789607 2.8970050 2.8970050 2.8474627 2.6618006 2.7375410 2.5624333 2.4944480 2.5387090 2.6806229 2.8962239 2.7394068 2.7340322 1.8550492 1.9749832 1.9453782 2.0848843 1.8759831 1.7534906 2.1317380 1.0784812 1.0784812 0.7551922 0.7787344 0.9231509 0.0000000 0.5445221 0.5628663 0.4772675 0.5953617 0.5923291 0.5834840 0.4380677 0.4936569 0.4786066 0.8436734 0.8501858 0.6969194 0.8324500 0.7616227 1.3526017 1.1365242 1.1402181 1.0091029 0.9742165 0.9553615 0.9215985 0.9162797 1.0229072 0.9231279 0.9072525 0.9072525 0.9705622 0.9609731 0.9676530 0.9587256 0.8964863 0.8971985 0.8858499 0.9264051 0.9318780 0.8959709 0.9013187 0.8844941 0.8880815 0.9169074 0.8673923 0.9146936 0.8612453 0.8826315 0.8866737 0.8786079 1.1159050 0.9994402 
A0A446D0P1-O_Achromobacter-G_styA-T_Query     2.7142578 2.8259411 2.7901302 2.7747729 2.7645370 2.7539060 2.4162209 2.5430166 2.5001405 2.5796998 2.5796998 2.5829388 2.6095213 2.6095213 2.5372819 2.7161571 2.5795526 2.4403834 2.6773895 2.5310303 2.7005101 2.7624130 2.7120245 2.7018243 1.7416931 1.7678244 1.7706437 1.8629439 1.7007374 1.6388928 2.0586584 1.0500089 1.0500089 0.7544383 0.8060155 0.8105461 0.5445221 0.0000000 0.1563593 0.5134987 0.6250554 0.6272249 0.6212313 0.4832523 0.5449258 0.5666153 0.7292304 0.7838008 0.6190914 0.7176837 0.6997918 1.3482058 1.0682887 1.0747393 1.0044849 1.0193081 1.0471720 1.0507743 1.0639799 1.0655260 1.0311332 0.9064198 0.9064198 0.9887387 0.9978856 1.0205289 1.0033399 1.0031324 0.9775470 0.9972084 0.9869914 0.9935249 1.0074132 1.0265660 1.0088546 1.0004098 0.9726480 0.9658425 0.9874072 0.9634185 0.9778710 0.9736483 0.9684593 1.0482051 0.9981863 
A0A5K8C9N1-O_Alcaligenes-G_styA-T_Query       3.0169985 2.8235865 2.8008109 2.8016050 2.8240771 2.8197152 2.4261126 2.5612338 2.4890749 2.5674657 2.5674657 2.5706415 2.5985413 2.5985413 2.5404016 2.6670982 2.5417947 2.4068819 2.5800027 2.4209515 2.6707768 2.7511462 2.6473644 2.5665651 1.7631419 1.8243805 1.8201649 1.8647953 1.7082878 1.6011714 2.0201898 1.0435761 1.0435761 0.7579100 0.8289902 0.8246181 0.5628663 0.1563593 0.0000000 0.4814411 0.5974173 0.6065160 0.5973484 0.4386748 0.5583057 0.5654304 0.7167690 0.8043050 0.5941550 0.6895659 0.6708309 1.3235138 1.0417717 1.0702557 0.9810818 0.9837465 0.9966372 0.9653878 0.9778227 1.0152985 0.9540492 0.8867332 0.8867332 0.9571569 0.9645677 0.9775005 0.9714243 0.9667097 0.9439277 0.9536930 0.9593969 0.9438185 0.9240446 0.9564113 0.9289617 0.9626789 0.9398117 0.9158999 0.9362049 0.9138683 0.9078588 0.9318118 0.9230905 1.0652552 1.0182795 
A0A132HTC5-O_Cupriavidus-G_styA-T_Query       3.2860997 2.9445718 2.9325692 3.0222349 3.0284990 3.0061063 2.7248884 2.7261931 2.6726122 2.7902691 2.7902691 2.7707701 2.8377934 2.8377934 2.7715388 2.4895349 2.6604659 2.5155898 2.5690731 2.5627733 2.6984701 2.8839928 2.6241111 2.7654074 1.9455697 2.0274430 1.9779397 2.0680808 1.8970762 1.9151478 2.1448182 1.1064098 1.1064098 0.8113296 0.8513160 0.8591377 0.4772675 0.5134987 0.4814411 0.0000000 0.6468697 0.6447792 0.6357349 0.4410868 0.5046843 0.5563781 0.7691104 0.8067614 0.6675109 0.8442511 0.8293812 1.3752460 1.1103532 1.1346769 1.0572730 1.0045645 1.0069691 0.9473037 0.9524817 1.0304438 1.0202849 0.9335045 0.9335045 1.0065477 0.9767891 1.0195648 1.0250944 0.9968860 1.0109971 0.9972303 0.9990627 0.9756721 1.0036476 0.9919825 0.9408421 1.0192380 1.0051555 0.9233743 0.9658327 0.9305379 0.9411625 0.9419943 0.9330365 1.1789081 1.0556905 
A0A0M3FRH7-O_Acinetobacter-G_styA-T_Query     3.2298236 3.0958433 2.9872106 2.9577102 2.9607143 2.9379833 2.7842976 2.8823025 2.8096381 2.9013546 2.9013546 2.9152547 2.9561711 2.9561711 2.8716384 2.9203059 2.7700977 2.5955641 2.5667472 2.4842049 2.7710589 2.7872533 2.6667082 2.7322746 1.6673578 1.7128492 1.7385166 1.8257313 1.7183244 1.4895899 1.9809591 1.1034096 1.1034096 0.6924146 0.7428284 0.8298953 0.5953617 0.6250554 0.5974173 0.6468697 0.0000000 0.0176334 0.0226235 0.4023995 0.4787063 0.5148887 0.9636109 0.8325388 0.6890939 0.7813202 0.7598940 1.3956327 1.1015583 1.0745514 0.9616300 1.0240196 1.0335084 0.9767231 0.9911339 1.0129604 1.0259553 0.8893890 0.8893890 0.9780143 0.9632963 0.9617335 0.9611304 0.9486255 0.9316700 0.9551598 0.9832813 0.9569122 0.9362211 0.9388696 0.8666142 0.9293762 0.9417462 0.9381248 0.9586222 0.9109473 0.8948740 0.9221391 0.9176226 1.1146359 1.0174925 
A0A143J0H4-O_Acinetobacter-G_styA-T_Query     3.1859044 3.0448068 2.9405457 2.9243979 2.9274304 2.9049287 2.7558812 2.8526867 2.7807689 2.8716618 2.8716618 2.8854012 2.9259585 2.9259585 2.8511928 2.8760208 2.7771402 2.6115066 2.5274895 2.4573650 2.7564363 2.7622515 2.6424534 2.7445581 1.6689000 1.6896828 1.7120438 1.8129182 1.7277128 1.4873949 1.9571294 1.1032212 1.1032212 0.6947573 0.7451941 0.8058333 0.5923291 0.6272249 0.6065160 0.6447792 0.0176334 0.0000000 0.0099800 0.4067419 0.4868351 0.5145540 0.9407598 0.8177539 0.6800465 0.7704687 0.7498245 1.3957976 1.0784218 1.0714278 0.9533647 1.0171998 1.0272460 0.9661830 0.9804628 1.0128870 1.0130248 0.8862330 0.8862330 0.9682401 0.9500397 0.9528498 0.9567484 0.9353462 0.9251127 0.9485088 0.9722756 0.9405037 0.9250497 0.9276837 0.8597521 0.9126378 0.9371541 0.9284720 0.9427904 0.9014017 0.8844635 0.9099733 0.9054621 1.1029464 1.0036084 
A0A385EVB1-O_Acinetobacter-G_styA-T_Query     3.1820999 3.0778689 2.9515678 2.9133343 2.9163783 2.8939351 2.7426335 2.8386752 2.7672593 2.8575735 2.8575735 2.8712077 2.9115084 2.9115084 2.8372952 2.8766218 2.7732654 2.5957212 2.5116159 2.4381811 2.7430624 2.7629417 2.6430138 2.6957512 1.6483671 1.6715558 1.7042914 1.7819003 1.6985309 1.4851975 1.9443959 1.1048139 1.1048139 0.6872219 0.7365340 0.8151352 0.5834840 0.6212313 0.5973484 0.6357349 0.0226235 0.0099800 0.0000000 0.4027833 0.4787449 0.5061307 0.9298727 0.8238416 0.6795839 0.7618395 0.7536351 1.3801798 1.0833806 1.0777507 0.9554329 1.0109391 1.0274919 0.9598586 0.9740325 1.0109711 1.0082897 0.8848453 0.8848453 0.9611632 0.9520914 0.9502548 0.9539949 0.9328604 0.9263344 0.9479318 0.9704997 0.9388331 0.9235248 0.9329185 0.8650141 0.9050259 0.9354721 0.9232440 0.9411050 0.8989967 0.8821336 0.9075428 0.9030448 1.0977319 0.9998774 
A0A1Q9QYN3-O_Pseudomonas-G_styA-T_Query       3.0032141 2.8409755 2.7860637 2.7580629 2.7582207 2.7389088 2.6917587 2.7628373 2.6728682 2.7883221 2.7883221 2.7860032 2.7981137 2.7981137 2.7870873 2.6160499 2.7008604 2.5087037 2.5707239 2.4837208 2.5892210 2.8062509 2.5952286 2.7409666 1.6763004 1.8009614 1.7992288 1.7896368 1.6868489 1.5550448 2.0468167 0.9896136 0.9896136 0.7323579 0.7599115 0.7357716 0.4380677 0.4832523 0.4386748 0.4410868 0.4023995 0.4067419 0.4027833 0.0000000 0.3162318 0.3344107 0.8141713 0.7848327 0.5755369 0.7456701 0.7334000 1.2292487 1.1021006 0.9838920 0.9300183 0.9758427 0.9547636 0.8921538 0.9107735 0.9534934 0.8950848 0.8504085 0.8504085 0.9268118 0.9159139 0.9122586 0.9239446 0.8947102 0.8823906 0.8831257 0.9141236 0.8649574 0.8521832 0.8699976 0.8276440 0.8833762 0.9027978 0.8395182 0.8866384 0.8574690 0.8494992 0.8699868 0.8679859 1.0574845 0.9382240 
