54
Q9Z4S6-O_Salmonella-G_ttrA-T_BLAST                                              0.0000000 4.1521982 3.5871574 5.7258785 5.7795268 5.6876405 5.5391978 5.1605763 5.1605763 6.0171796 6.0171796 4.6310026 4.5949089 4.4443068 4.4443068 4.4780934 4.5554631 4.2220508 4.8922819 4.6775369 4.1582233 4.3285602 4.7175537 4.4126002 4.5009410 4.3739443 4.7321198 3.9453051 4.3653369 4.3653222 4.3730553 4.3538143 4.4096558 4.3139787 4.2042868 4.3455823 4.3221124 4.3126022 4.5238710 4.4946810 4.4946810 3.8895256 3.8061301 3.7766190 3.6148211 3.5860968 3.3381048 3.8982906 3.4198769 3.5134414 3.6533551 3.7235557 3.4641379 3.5086807 
Q71EW5_Pelobacter_acetylenicus.                                                 4.1521982 0.0000000 3.4388817 4.5978896 4.8814290 4.6121266 4.7681994 4.8660778 4.8660778 5.7956839 5.7956839 3.6882514 4.0351311 3.9866076 3.9866076 4.0098768 3.8880456 3.7725402 3.9598236 4.0576693 3.6111463 3.2937947 4.3202485 4.2139844 4.3500599 3.8045298 3.8426943 2.9390549 3.3219000 3.3219000 3.3093062 3.3093062 3.2526183 3.2919860 3.3128931 3.4680094 3.3394430 3.3633291 3.3533395 3.4489003 3.4489003 3.1437955 3.0924968 2.8979885 2.8709685 3.2600082 3.1980324 4.1841866 3.2895678 2.9131316 3.1824855 3.4375061 3.2524638 3.4001953 
D3RNN8-O_Allochromatium-G_soeA-T_BLAST                                          3.5871574 3.4388817 0.0000000 4.6465306 4.3622343 4.5754403 4.4388953 4.6792673 4.6792673 5.3578339 5.3578339 4.0422882 3.8818049 3.8448113 3.8521408 3.8903271 3.9784463 3.9097153 4.0582465 4.0975700 3.7338242 3.7076146 4.0063514 4.0789969 3.9640730 3.6871276 3.5354043 3.0597612 3.5835512 3.5835512 3.5701650 3.5777980 3.5427356 3.6212606 3.6177308 3.5847567 3.4691832 3.4530454 3.5118628 3.4826167 3.4826167 3.1805549 3.0597690 2.9781562 3.1349159 3.0625437 2.7405841 3.7478456 3.2577695 3.0155164 3.2341296 3.2097254 3.2818900 3.2239541 
P42175-O_Bacillus-G_narG-T_BLAST                                                5.7258785 4.5978896 4.6465306 0.0000000 1.2182770 1.1309361 1.1600829 1.2785329 1.2785329 2.5076012 2.5076012 2.0996811 2.0311692 3.2093021 3.2248310 3.2231846 2.8432835 2.7561375 2.8432731 2.7667635 4.5515159 3.7226596 4.8971372 4.9761499 5.1937690 5.2370296 4.9978646 4.1606636 5.2998429 5.3057012 5.3450127 5.3046434 5.2652988 5.1065043 5.1831724 5.4067741 5.0425287 5.0621409 5.0977404 5.3632194 5.3632194 4.7935582 4.4116605 3.9751476 3.6386802 4.3651054 4.1246107 3.7967948 3.8693153 3.7289640 3.4909827 3.7336132 3.2530906 3.3845373 
P85097-O_Bradyrhizobium-G_narG-T_BLAST                                          5.7795268 4.8814290 4.3622343 1.2182770 0.0000000 0.8435157 0.9784802 1.5326161 1.5326161 3.2184832 3.2184832 2.4755763 2.5345490 3.1837679 3.1837679 3.1654811 2.9571643 3.1137152 3.2128465 3.2523450 4.6373497 4.1251170 5.1828322 4.9457730 5.0850849 4.9304190 5.4023835 4.0340499 4.4406756 4.4351749 4.4339324 4.4399100 4.5109300 4.4255601 4.4793485 4.5924575 4.5897945 4.5671849 4.8406821 4.6720660 4.6720660 4.3976384 4.0673214 3.8983886 3.7489963 4.0708962 3.9651474 3.9761525 3.9108811 3.8162512 3.5798098 3.7210149 3.4118120 3.5232910 
P09152-O_Escherichia-G_narG-T_BLAST                                             5.6876405 4.6121266 4.5754403 1.1309361 0.8435157 0.0000000 0.2830070 1.3515468 1.3515468 2.4823565 2.4823565 2.0132669 2.0186677 3.1819581 3.1819581 3.1635692 2.9317918 2.7888987 2.9559280 2.8511044 4.4108572 3.4928787 4.7733545 4.5701110 4.7535376 4.9573373 5.0566546 4.0709222 4.7311091 4.7409946 4.7733754 4.7509763 4.7670781 4.6762858 4.6874057 4.8693230 4.8506325 4.8690526 4.8919476 4.9072020 4.9072020 4.7884052 4.0998873 3.7281430 3.3431224 4.2462850 3.8801518 3.6761058 3.6941586 3.4831924 3.4466639 3.5874032 3.0315297 3.2951017 
P19319-O_Escherichia-G_narZ-T_BLAST                                             5.5391978 4.7681994 4.4388953 1.1600829 0.9784802 0.2830070 0.0000000 1.3395493 1.3395493 2.5516779 2.5516779 2.0166932 2.0383122 3.2631257 3.2575697 3.2403607 2.9367801 2.7595882 2.9952712 2.9053793 4.5714561 3.5038903 4.9792293 4.5842839 4.8816370 5.1955234 5.1524430 4.0889974 4.7841519 4.7938918 4.8445281 4.8059814 4.8043617 4.7026017 4.7272485 4.9688711 4.9596933 4.9588180 4.9536190 4.9075603 4.9075603 4.6916605 4.0947388 3.7118058 3.4513944 4.4320128 4.0545317 3.7601800 3.6177867 3.6016796 3.4679083 3.6546931 3.1571761 3.3681897 
P9WJQ3-O_Mycobacterium-G_narG-T_BLAST                                           5.1605763 4.8660778 4.6792673 1.2785329 1.5326161 1.3515468 1.3395493 0.0000000 0.0000010 1.4238655 1.4238655 2.2091278 2.2622733 3.1867182 3.1768587 3.1681534 2.9146717 2.9202894 3.0587979 3.0019820 4.2838700 3.6736752 4.8627070 4.7984470 4.8851503 5.3652286 5.2084650 4.2227858 5.2277668 5.2447475 5.2467134 5.2732334 5.1557539 5.0367601 4.9982037 4.8402312 4.7435398 4.7456132 4.6177741 4.7751671 4.7751671 4.5605302 4.1138962 3.9336295 3.6141216 4.1864917 4.0171491 3.5481876 3.7310363 3.5221209 3.2931864 3.3814111 3.3859756 3.5934307 
P9WJQ2-O_Mycobacterium-G_narG-T_BLAST                                           5.1605763 4.8660778 4.6792673 1.2785329 1.5326161 1.3515468 1.3395493 0.0000010 0.0000000 1.4238655 1.4238655 2.2091278 2.2622733 3.1867182 3.1768587 3.1681534 2.9146717 2.9202894 3.0587979 3.0019820 4.2838700 3.6736752 4.8627070 4.7984470 4.8851503 5.3652286 5.2084650 4.2227858 5.2277668 5.2447475 5.2467134 5.2732334 5.1557539 5.0367601 4.9982037 4.8402312 4.7435398 4.7456132 4.6177741 4.7751671 4.7751671 4.5605302 4.1138962 3.9336295 3.6141216 4.1864917 4.0171491 3.5481876 3.7310363 3.5221209 3.2931864 3.3814111 3.3859756 3.5934307 
P9WJQ1-O_Mycobacterium-G_narX-T_BLAST                                           6.0171796 5.7956839 5.3578339 2.5076012 3.2184832 2.4823565 2.5516779 1.4238655 1.4238655 0.0000000 0.0000010 3.4050265 3.4758426 4.2379833 4.2379833 4.2588447 4.1295281 3.7702659 4.2045523 4.2674273 4.6766813 5.2393469 6.3304407 5.7995090 6.0787681 6.8156397 6.1076003 5.3924427 4.7142504 4.7353158 4.7152463 4.7273837 4.6286170 4.6518132 4.5981035 4.8589333 4.5915484 4.5915484 4.3947452 4.9257054 4.9257054 5.0068429 4.4784171 5.2067485 4.7825189 5.8623477 5.9861798 4.9132517 5.1724719 5.3728941 5.4936701 5.3841429 5.4064657 5.6243768 
P9WJQ0-O_Mycobacterium-G_narX-T_BLAST                                           6.0171796 5.7956839 5.3578339 2.5076012 3.2184832 2.4823565 2.5516779 1.4238655 1.4238655 0.0000010 0.0000000 3.4050265 3.4758426 4.2379833 4.2379833 4.2588447 4.1295281 3.7702659 4.2045523 4.2674273 4.6766813 5.2393469 6.3304407 5.7995090 6.0787681 6.8156397 6.1076003 5.3924427 4.7142504 4.7353158 4.7152463 4.7273837 4.6286170 4.6518132 4.5981035 4.8589333 4.5915484 4.5915484 4.3947452 4.9257054 4.9257054 5.0068429 4.4784171 5.2067485 4.7825189 5.8623477 5.9861798 4.9132517 5.1724719 5.3728941 5.4936701 5.3841429 5.4064657 5.6243768 
Q47CW6-O_Dechloromonas-G_pcrA-T_BLAST                                           4.6310026 3.6882514 4.0422882 2.0996811 2.4755763 2.0132669 2.0166932 2.2091278 2.2091278 3.4050265 3.4050265 0.0000000 1.6251466 2.2706811 2.2753845 2.2705739 2.1424709 2.2514861 2.2990455 2.3127590 4.4512053 2.9843982 4.2769074 4.2327745 4.4185642 4.2766016 4.0799459 3.8451291 4.0758687 4.0680348 4.0409535 4.0525992 4.2662353 3.9946411 4.0373436 4.2895090 4.0678904 4.0510248 4.0023970 4.1112334 4.1112334 4.1625823 3.7866209 3.4295147 2.9804590 3.6231958 3.8172032 3.2883423 3.3436588 2.8594125 2.7434877 2.8003363 2.8537170 2.8653508 
I3R9M9-O_Haloferax-G_narG-T_BLAST                                               4.5949089 4.0351311 3.8818049 2.0311692 2.5345490 2.0186677 2.0383122 2.2622733 2.2622733 3.4758426 3.4758426 1.6251466 0.0000000 2.5434216 2.5451143 2.5587932 2.1157980 2.1145192 2.0965842 2.1317210 4.6616644 3.0923993 4.3505940 4.3365362 4.4124162 4.4820259 4.1589684 3.9685530 4.2047176 4.2101175 4.1970742 4.2035858 4.1311825 4.2020989 4.2362963 4.3764146 4.1116343 4.1196866 4.1883927 4.2489029 4.2489029 4.1200163 4.1277636 3.3162057 3.1561314 3.6127920 3.7622460 3.5428619 3.5586500 3.0198856 3.0831604 3.2184609 3.0536118 3.2033381 
CAI07432.1-O_Aromatoleum-NCBI                                                   4.4443068 3.9866076 3.8448113 3.2093021 3.1837679 3.1819581 3.2631257 3.1867182 3.1867182 4.2379833 4.2379833 2.2706811 2.5434216 0.0000000 0.0000010 0.0042632 1.7098619 2.4178509 2.2393918 2.3832756 3.8376351 3.4501586 4.0099336 4.1354621 3.9794208 4.3074677 3.9308998 3.6337929 3.6926058 3.6978221 3.7134392 3.6897946 3.7641025 3.6574135 3.6081681 3.6416713 3.5960541 3.6184447 3.5686469 3.6123130 3.6123130 3.4747991 3.4050325 3.4935700 3.3295282 3.8485562 3.6671962 3.6404104 3.2289447 3.3450735 3.1931876 3.3352107 3.3357581 3.4671243 
Q5P5I0-O_Aromatoleum-G_ebdA-T_Query                                             4.4443068 3.9866076 3.8521408 3.2248310 3.1837679 3.1819581 3.2575697 3.1768587 3.1768587 4.2379833 4.2379833 2.2753845 2.5451143 0.0000010 0.0000000 0.0042613 1.7071109 2.4226612 2.2413770 2.3852061 3.8376351 3.4581244 4.0099336 4.1354621 3.9794208 4.3074677 3.9446749 3.6337929 3.6926058 3.6978221 3.7134392 3.6897946 3.7641025 3.6574135 3.6081681 3.6416713 3.5960541 3.6184447 3.5686469 3.6123130 3.6123130 3.4747991 3.4050325 3.4935700 3.3295282 3.8585559 3.6671962 3.6452833 3.2312821 3.3501727 3.2028025 3.3352107 3.3357581 3.4671243 
Q93PD2-O_Azoarcus-G_ebdA-T_Query                                                4.4780934 4.0098768 3.8903271 3.2231846 3.1654811 3.1635692 3.2403607 3.1681534 3.1681534 4.2588447 4.2588447 2.2705739 2.5587932 0.0042632 0.0042613 0.0000000 1.7027359 2.4225981 2.2498752 2.3943802 3.8293055 3.4704169 4.0598178 4.1855895 4.0388502 4.3775976 4.0049950 3.6322734 3.7069292 3.7121803 3.7278982 3.7041179 3.8043495 3.6957172 3.6458133 3.6687957 3.6224347 3.6450162 3.5879230 3.6033025 3.6033025 3.5018478 3.4324627 3.5054093 3.3168910 3.9014868 3.6898794 3.6493882 3.2602598 3.3655298 3.2018706 3.3483755 3.3442981 3.4812688 
H9NNA7-O_Sterolibacterium-G_ebdA-T_Query                                        4.5554631 3.8880456 3.9784463 2.8432835 2.9571643 2.9317918 2.9367801 2.9146717 2.9146717 4.1295281 4.1295281 2.1424709 2.1157980 1.7098619 1.7071109 1.7027359 0.0000000 1.7337841 1.6696868 1.7688729 4.0261435 3.0585959 4.4578364 4.5832104 4.4113567 4.5021186 3.8426837 3.4934917 3.9652991 3.9685241 3.9694106 3.9700119 3.9529403 3.8352171 3.7896696 3.9028863 3.9096405 3.9223686 3.9703802 4.1406644 4.1406644 4.0474692 3.5289906 3.3795662 3.0227549 3.9531345 3.2531020 3.6044642 3.3803224 2.9928765 3.0251445 3.2583855 3.3497401 3.2358329 
Q8GPG4-O_Rhodovulum-G_ddhA-T_BLAST                                              4.2220508 3.7725402 3.9097153 2.7561375 3.1137152 2.7888987 2.7595882 2.9202894 2.9202894 3.7702659 3.7702659 2.2514861 2.1145192 2.4178509 2.4226612 2.4225981 1.7337841 0.0000000 1.2627826 1.3137546 4.1873602 2.8121349 4.6243508 4.5517550 4.5625695 4.7617405 4.4176108 3.9636404 4.2977701 4.3034361 4.2892819 4.2940149 4.2715659 4.2095159 4.1327838 4.3492597 4.1919464 4.1867519 4.0643726 4.3257041 4.3257041 4.5286845 3.8312853 3.6473252 3.0674074 3.9461383 3.3640433 3.8530541 3.1457658 3.4979999 3.1932344 3.2759971 3.0420413 3.1295560 
P60068-O_Ideonella-G_clrA-T_BLAST                                               4.8922819 3.9598236 4.0582465 2.8432731 3.2128465 2.9559280 2.9952712 3.0587979 3.0587979 4.2045523 4.2045523 2.2990455 2.0965842 2.2393918 2.2413770 2.2498752 1.6696868 1.2627826 0.0000000 0.2079238 3.8288466 3.1130987 4.1502772 4.2844043 4.0913921 4.3501370 3.9541447 4.2179006 4.0071464 4.0123983 3.9991346 4.0033156 3.9546029 3.9625437 3.9497326 4.2202869 4.0192854 3.9995439 3.9282887 4.0971860 4.0971860 4.5866702 3.9318334 3.6185587 3.3516929 4.1861410 3.9369042 3.8387749 3.7594275 3.5956320 3.0564424 3.4502838 3.3647788 3.3173885 
Q9S1H0-O_Thauera-G_serA-T_BLAST                                                 4.6775369 4.0576693 4.0975700 2.7667635 3.2523450 2.8511044 2.9053793 3.0019820 3.0019820 4.2674273 4.2674273 2.3127590 2.1317210 2.3832756 2.3852061 2.3943802 1.7688729 1.3137546 0.2079238 0.0000000 3.8198248 3.2045647 4.3402784 4.3566860 4.2170392 4.4597147 4.1135236 4.3743435 4.1043473 4.1096633 4.1048124 4.1008319 4.0365776 3.9997081 4.0359196 4.2129976 4.0436666 4.0242271 4.0579278 4.2340854 4.2340854 4.5799882 3.9166527 3.6364614 3.3646771 4.1128098 3.8348580 3.8727923 3.8175977 3.6884363 3.1134201 3.3805884 3.1761692 3.2322663 
O33732_Shewanella_frigidimarina__strain_NCIMB_400_.OrderedLocusNames_Sfri_1505_ 4.1582233 3.6111463 3.7338242 4.5515159 4.6373497 4.4108572 4.5714561 4.2838700 4.2838700 4.6766813 4.6766813 4.4512053 4.6616644 3.8376351 3.8376351 3.8293055 4.0261435 4.1873602 3.8288466 3.8198248 0.0000000 3.2495679 3.0880126 2.8220716 2.7493396 2.9845049 2.8175339 2.1024798 2.3730757 2.3730757 2.3785178 2.3785178 2.4236231 2.3677964 2.3590332 2.2831992 2.1990505 2.2087712 2.1354322 2.0409006 2.0409006 2.1783824 1.9062765 2.2826102 2.4752204 3.4514029 3.5109530 4.0291095 3.4604991 3.5066759 3.3507832 3.3861395 3.0999038 3.2779496 
Q9HR74-O_Halobacterium-G_dmsA-T_BLAST                                           4.3285602 3.2937947 3.7076146 3.7226596 4.1251170 3.4928787 3.5038903 3.6736752 3.6736752 5.2393469 5.2393469 2.9843982 3.0923993 3.4501586 3.4581244 3.4704169 3.0585959 2.8121349 3.1130987 3.2045647 3.2495679 0.0000000 3.8715781 3.6793901 3.5848702 4.0066738 3.8189469 2.8825219 3.7838297 3.7708883 3.7827181 3.7673994 3.7009671 3.6090570 3.5695213 3.3982085 3.3168740 3.3219929 3.3282417 3.4849066 3.4849066 3.0520069 3.0292250 2.9502590 2.4704229 3.4732826 3.2109585 3.2207406 3.0556842 2.6639140 2.7163616 2.9576696 2.9152846 2.9053519 
P46448-O_Haemophilus-G_fdxG-T_BLAST                                             4.7175537 4.3202485 4.0063514 4.8971372 5.1828322 4.7733545 4.9792293 4.8627070 4.8627070 6.3304407 6.3304407 4.2769074 4.3505940 4.0099336 4.0099336 4.0598178 4.4578364 4.6243508 4.1502772 4.3402784 3.0880126 3.8715781 0.0000000 0.6190253 0.5461696 1.3756523 1.5688158 2.8791442 3.4279931 3.4282216 3.4507443 3.4541467 3.5563343 3.3964810 3.3365936 3.2159050 3.1315976 3.1385827 3.1014096 3.3027001 3.3027001 2.9083740 2.5920974 2.1792861 2.4991035 3.8475116 3.9045182 4.2562016 3.2786466 3.5147598 3.5889649 3.6570471 3.4503058 3.3792864 
P32176-O_Escherichia-G_fdoG-T_BLAST                                             4.4126002 4.2139844 4.0789969 4.9761499 4.9457730 4.5701110 4.5842839 4.7984470 4.7984470 5.7995090 5.7995090 4.2327745 4.3365362 4.1354621 4.1354621 4.1855895 4.5832104 4.5517550 4.2844043 4.3566860 2.8220716 3.6793901 0.6190253 0.0000000 0.2973387 1.2881711 1.4551140 2.6102524 3.2115146 3.2225776 3.2155348 3.2378285 3.2152079 3.1856186 3.1657954 3.2178060 3.1611030 3.1452928 3.0863057 3.1603601 3.1603601 2.7586300 2.6095908 1.8934695 2.2905963 3.8289718 3.8408700 4.1605043 3.2549947 3.4823946 3.7354104 3.6087526 3.5245593 3.5263690 
P24183-O_Escherichia-G_fdnG-T_BLAST                                             4.5009410 4.3500599 3.9640730 5.1937690 5.0850849 4.7535376 4.8816370 4.8851503 4.8851503 6.0787681 6.0787681 4.4185642 4.4124162 3.9794208 3.9794208 4.0388502 4.4113567 4.5625695 4.0913921 4.2170392 2.7493396 3.5848702 0.5461696 0.2973387 0.0000000 1.2110138 1.3549701 2.5323402 3.3002395 3.3116263 3.3121367 3.3275148 3.3515590 3.2504873 3.2686082 3.1590936 3.0917321 3.0887086 3.1295084 3.1909263 3.1909263 2.7248211 2.5036647 1.9005047 2.3248510 3.8124503 3.9463255 4.1258813 3.1410735 3.5268008 3.6776952 3.6829449 3.5575002 3.5147477 
Q934F5-O_Desulfovibrio-G_fdhA-T_BLAST                                           4.3739443 3.8045298 3.6871276 5.2370296 4.9304190 4.9573373 5.1955234 5.3652286 5.3652286 6.8156397 6.8156397 4.2766016 4.4820259 4.3074677 4.3074677 4.3775976 4.5021186 4.7617405 4.3501370 4.4597147 2.9845049 4.0066738 1.3756523 1.2881711 1.2110138 0.0000000 0.9590700 2.5083338 3.1170501 3.1436620 3.1239101 3.1489126 3.0884979 3.0423433 3.0194688 3.0323819 2.9741537 2.9676844 3.1167522 3.1698145 3.1698145 2.5173172 2.3251446 2.0586080 2.3503094 3.6371777 3.7055680 4.0518815 3.2736606 3.4567821 3.8279681 3.7157037 3.6806963 3.7016276 
Q727P3-O_Desulfovibrio-G_fdnG-3-T_BLAST                                         4.7321198 3.8426943 3.5354043 4.9978646 5.4023835 5.0566546 5.1524430 5.2084650 5.2084650 6.1076003 6.1076003 4.0799459 4.1589684 3.9308998 3.9446749 4.0049950 3.8426837 4.4176108 3.9541447 4.1135236 2.8175339 3.8189469 1.5688158 1.4551140 1.3549701 0.9590700 0.0000000 2.6317680 3.2841074 3.2888775 3.2604404 3.3039493 3.2783262 3.3475702 3.3387374 3.1803544 3.0470677 3.0320251 2.9748732 3.1152821 3.1152821 2.4563563 2.4511012 2.0865695 2.3310653 3.7316071 3.6879453 4.0215072 3.2449493 3.4925774 3.6572490 3.5296870 3.6265852 3.7119276 
P42434-O_Bacillus-G_nasC-T_BLAST                                                3.9453051 2.9390549 3.0597612 4.1606636 4.0340499 4.0709222 4.0889974 4.2227858 4.2227858 5.3924427 5.3924427 3.8451291 3.9685530 3.6337929 3.6337929 3.6322734 3.4934917 3.9636404 4.2179006 4.3743435 2.1024798 2.8825219 2.8791442 2.6102524 2.5323402 2.5083338 2.6317680 0.0000000 2.4365673 2.4409964 2.4256092 2.4311607 2.3847900 2.4406146 2.4196847 2.3090638 2.2879760 2.3002282 2.1718675 2.1896098 2.1896098 1.9709878 1.8781700 1.6120717 1.7048655 2.9885269 3.1054732 3.6694363 2.8575755 2.7773231 3.0957306 3.1960841 3.3118806 3.3714515 
Q5HV12-O_Campylobacter-G_napA-T_BLAST                                           4.3653369 3.3219000 3.5835512 5.2998429 4.4406756 4.7311091 4.7841519 5.2277668 5.2277668 4.7142504 4.7142504 4.0758687 4.2047176 3.6926058 3.6926058 3.7069292 3.9652991 4.2977701 4.0071464 4.1043473 2.3730757 3.7838297 3.4279931 3.2115146 3.3002395 3.1170501 3.2841074 2.4365673 0.0000000 0.0000010 0.0044508 0.0033267 0.2900270 0.3170586 0.3176257 0.8881563 0.8770463 0.8800689 0.8532538 0.7867356 0.7867356 1.6981174 1.4062593 2.4332793 2.2780198 3.3328086 3.4944738 3.3638484 3.2789342 3.3447428 3.0935059 3.1427262 3.2041290 3.4728988 
Q9PPD9-O_Campylobacter-G_napA-T_BLAST                                           4.3653222 3.3219000 3.5835512 5.3057012 4.4351749 4.7409946 4.7938918 5.2447475 5.2447475 4.7353158 4.7353158 4.0680348 4.2101175 3.6978221 3.6978221 3.7121803 3.9685241 4.3034361 4.0123983 4.1096633 2.3730757 3.7708883 3.4282216 3.2225776 3.3116263 3.1436620 3.2888775 2.4409964 0.0000010 0.0000000 0.0066738 0.0033181 0.2924723 0.3189156 0.3194598 0.8930693 0.8770463 0.8800689 0.8499408 0.7821973 0.7821973 1.6865923 1.4047387 2.4332793 2.2780198 3.3319449 3.4932383 3.3779633 3.2789342 3.3486965 3.0924939 3.1481117 3.2034035 3.4712476 
A1VZC8-O_Campylobacter-G_napA-T_BLAST                                           4.3730553 3.3093062 3.5701650 5.3450127 4.4339324 4.7733754 4.8445281 5.2467134 5.2467134 4.7152463 4.7152463 4.0409535 4.1970742 3.7134392 3.7134392 3.7278982 3.9694106 4.2892819 3.9991346 4.1048124 2.3785178 3.7827181 3.4507443 3.2155348 3.3121367 3.1239101 3.2604404 2.4256092 0.0044508 0.0066738 0.0000000 0.0055633 0.2859754 0.3117124 0.3122243 0.8838716 0.8719780 0.8750031 0.8511670 0.7740433 0.7740433 1.6827564 1.3933926 2.4233987 2.2697322 3.3006425 3.4383306 3.4036260 3.2888531 3.3172953 3.1007403 3.1596202 3.1957870 3.4743055 
A8FLJ3-O_Campylobacter-G_napA-T_BLAST                                           4.3538143 3.3093062 3.5777980 5.3046434 4.4399100 4.7509763 4.8059814 5.2732334 5.2732334 4.7273837 4.7273837 4.0525992 4.2035858 3.6897946 3.6897946 3.7041179 3.9700119 4.2940149 4.0033156 4.1008319 2.3785178 3.7673994 3.4541467 3.2378285 3.3275148 3.1489126 3.3039493 2.4311607 0.0033267 0.0033181 0.0055633 0.0000000 0.2906039 0.3160375 0.3165689 0.8884573 0.8731380 0.8761555 0.8519120 0.7767196 0.7767196 1.6799560 1.4006735 2.4233987 2.2697322 3.3254732 3.4839822 3.3831933 3.2888531 3.3379947 3.0889467 3.1507801 3.2061555 3.4675946 
A7I3Y7-O_Campylobacter-G_napA-T_BLAST                                           4.4096558 3.2526183 3.5427356 5.2652988 4.5109300 4.7670781 4.8043617 5.1557539 5.1557539 4.6286170 4.6286170 4.2662353 4.1311825 3.7641025 3.7641025 3.8043495 3.9529403 4.2715659 3.9546029 4.0365776 2.4236231 3.7009671 3.5563343 3.2152079 3.3515590 3.0884979 3.2783262 2.3847900 0.2900270 0.2924723 0.2859754 0.2906039 0.0000000 0.2882337 0.2844101 0.8199711 0.8377627 0.8407260 0.7844873 0.7905509 0.7905509 1.5791516 1.3940362 2.3551891 2.2430689 3.3200990 3.4420214 3.2003303 3.4040712 3.2334812 3.0236355 3.1161781 3.1565165 3.3656321 
A7ZCK4-O_Campylobacter-G_napA-T_BLAST                                           4.3139787 3.2919860 3.6212606 5.1065043 4.4255601 4.6762858 4.7026017 5.0367601 5.0367601 4.6518132 4.6518132 3.9946411 4.2020989 3.6574135 3.6574135 3.6957172 3.8352171 4.2095159 3.9625437 3.9997081 2.3677964 3.6090570 3.3964810 3.1856186 3.2504873 3.0423433 3.3475702 2.4406146 0.3170586 0.3189156 0.3117124 0.3160375 0.2882337 0.0000000 0.0746573 0.8756559 0.8802224 0.8826876 0.7942184 0.7975603 0.7975603 1.5831741 1.3619694 2.3553915 2.2785895 3.2709693 3.4213068 3.4044627 3.3796971 3.3388251 3.0171253 3.0892710 3.0687935 3.3070158 
A7GZP5-O_Campylobacter-G_napA-T_BLAST                                           4.2042868 3.3128931 3.6177308 5.1831724 4.4793485 4.6874057 4.7272485 4.9982037 4.9982037 4.5981035 4.5981035 4.0373436 4.2362963 3.6081681 3.6081681 3.6458133 3.7896696 4.1327838 3.9497326 4.0359196 2.3590332 3.5695213 3.3365936 3.1657954 3.2686082 3.0194688 3.3387374 2.4196847 0.3176257 0.3194598 0.3122243 0.3165689 0.2844101 0.0746573 0.0000000 0.8729375 0.8760797 0.8775880 0.7881710 0.8008664 0.8008664 1.6022052 1.3731817 2.3412731 2.2963030 3.2669208 3.4264514 3.3416355 3.3482274 3.3148546 2.9878970 3.0785109 3.0558017 3.2955749 
Q9CKL8-O_Pasteurella-G_napA-T_BLAST                                             4.3455823 3.4680094 3.5847567 5.4067741 4.5924575 4.8693230 4.9688711 4.8402312 4.8402312 4.8589333 4.8589333 4.2895090 4.3764146 3.6416713 3.6416713 3.6687957 3.9028863 4.3492597 4.2202869 4.2129976 2.2831992 3.3982085 3.2159050 3.2178060 3.1590936 3.0323819 3.1803544 2.3090638 0.8881563 0.8930693 0.8838716 0.8884573 0.8199711 0.8756559 0.8729375 0.0000000 0.2237291 0.2264474 0.4852452 0.4691017 0.4691017 1.4287275 1.3055760 2.2261195 2.2730757 3.5218832 3.4487700 3.3639339 3.3070808 3.2587415 3.0205518 3.0641606 3.3009853 3.3384461 
Q0I5G9-O_Haemophilus-G_napA-T_BLAST                                             4.3221124 3.3394430 3.4691832 5.0425287 4.5897945 4.8506325 4.9596933 4.7435398 4.7435398 4.5915484 4.5915484 4.0678904 4.1116343 3.5960541 3.5960541 3.6224347 3.9096405 4.1919464 4.0192854 4.0436666 2.1990505 3.3168740 3.1315976 3.1611030 3.0917321 2.9741537 3.0470677 2.2879760 0.8770463 0.8770463 0.8719780 0.8731380 0.8377627 0.8802224 0.8760797 0.2237291 0.0000000 0.0037552 0.4601621 0.4860818 0.4860818 1.4185142 1.3110370 2.1686978 2.3561015 3.4068678 3.3793442 3.3977223 3.1591063 3.1670862 2.9190523 3.0717273 3.1219115 3.3266808 
B0URQ3-O_Histophilus-G_napA-T_BLAST                                             4.3126022 3.3633291 3.4530454 5.0621409 4.5671849 4.8690526 4.9588180 4.7456132 4.7456132 4.5915484 4.5915484 4.0510248 4.1196866 3.6184447 3.6184447 3.6450162 3.9223686 4.1867519 3.9995439 4.0242271 2.2087712 3.3219929 3.1385827 3.1452928 3.0887086 2.9676844 3.0320251 2.3002282 0.8800689 0.8800689 0.8750031 0.8761555 0.8407260 0.8826876 0.8775880 0.2264474 0.0037552 0.0000000 0.4634436 0.4902187 0.4902187 1.4261657 1.3220238 2.1815680 2.3713352 3.4305839 3.4071527 3.3917592 3.1517722 3.1814666 2.9140247 3.0803788 3.1306881 3.3332793 
B1Y6A6-O_Leptothrix-G_napA-T_BLAST                                              4.5238710 3.3533395 3.5118628 5.0977404 4.8406821 4.8919476 4.9536190 4.6177741 4.6177741 4.3947452 4.3947452 4.0023970 4.1883927 3.5686469 3.5686469 3.5879230 3.9703802 4.0643726 3.9282887 4.0579278 2.1354322 3.3282417 3.1014096 3.0863057 3.1295084 3.1167522 2.9748732 2.1718675 0.8532538 0.8499408 0.8511670 0.8519120 0.7844873 0.7942184 0.7881710 0.4852452 0.4601621 0.4634436 0.0000000 0.4513000 0.4513000 1.3782534 1.1908480 2.1108359 2.2670308 3.6063959 3.3644971 3.1675843 3.1950802 3.0826422 3.0986939 2.9378025 3.1286232 3.2044577 
A4VJ11-O_Pseudomonas-G_napA-T_BLAST                                             4.4946810 3.4489003 3.4826167 5.3632194 4.6720660 4.9072020 4.9075603 4.7751671 4.7751671 4.9257054 4.9257054 4.1112334 4.2489029 3.6123130 3.6123130 3.6033025 4.1406644 4.3257041 4.0971860 4.2340854 2.0409006 3.4849066 3.3027001 3.1603601 3.1909263 3.1698145 3.1152821 2.1896098 0.7867356 0.7821973 0.7740433 0.7767196 0.7905509 0.7975603 0.8008664 0.4691017 0.4860818 0.4902187 0.4513000 0.0000000 0.0000010 1.3992618 1.1903032 2.1593254 2.2952663 3.5700310 3.3044608 3.4246924 3.2386590 3.1664834 2.8690749 2.9743954 3.1860765 3.3420582 
Q3HS05-O_Pseudomonas-G_napA-T_BLAST                                             4.4946810 3.4489003 3.4826167 5.3632194 4.6720660 4.9072020 4.9075603 4.7751671 4.7751671 4.9257054 4.9257054 4.1112334 4.2489029 3.6123130 3.6123130 3.6033025 4.1406644 4.3257041 4.0971860 4.2340854 2.0409006 3.4849066 3.3027001 3.1603601 3.1909263 3.1698145 3.1152821 2.1896098 0.7867356 0.7821973 0.7740433 0.7767196 0.7905509 0.7975603 0.8008664 0.4691017 0.4860818 0.4902187 0.4513000 0.0000010 0.0000000 1.3992618 1.1903032 2.1593254 2.2952663 3.5700310 3.3044608 3.4246924 3.2386590 3.1664834 2.8690749 2.9743954 3.1860765 3.3420582 
P81186-O_Desulfovibrio-G_napA-T_BLAST                                           3.8895256 3.1437955 3.1805549 4.7935582 4.3976384 4.7884052 4.6916605 4.5605302 4.5605302 5.0068429 5.0068429 4.1625823 4.1200163 3.4747991 3.4747991 3.5018478 4.0474692 4.5286845 4.5866702 4.5799882 2.1783824 3.0520069 2.9083740 2.7586300 2.7248211 2.5173172 2.4563563 1.9709878 1.6981174 1.6865923 1.6827564 1.6799560 1.5791516 1.5831741 1.6022052 1.4287275 1.4185142 1.4261657 1.3782534 1.3992618 1.3992618 0.0000000 0.9483944 1.6156914 1.8471019 2.9463955 3.1314246 3.0719753 3.0914113 2.8013145 3.0642630 3.0607894 3.0863076 3.1981379 
Q67QZ1-O_Symbiobacterium-G_napA-T_BLAST                                         3.8061301 3.0924968 3.0597690 4.4116605 4.0673214 4.0998873 4.0947388 4.1138962 4.1138962 4.4784171 4.4784171 3.7866209 4.1277636 3.4050325 3.4050325 3.4324627 3.5289906 3.8312853 3.9318334 3.9166527 1.9062765 3.0292250 2.5920974 2.6095908 2.5036647 2.3251446 2.4511012 1.8781700 1.4062593 1.4047387 1.3933926 1.4006735 1.3940362 1.3619694 1.3731817 1.3055760 1.3110370 1.3220238 1.1908480 1.1903032 1.1903032 0.9483944 0.0000000 1.6046962 1.6934384 3.1943317 3.1196668 2.9260484 2.8745067 2.5449165 2.8188342 3.0153174 2.8339227 3.0190152 
P06131-O_Methanobacterium-G_fdhA-T_BLAST                                        3.7766190 2.8979885 2.9781562 3.9751476 3.8983886 3.7281430 3.7118058 3.9336295 3.9336295 5.2067485 5.2067485 3.4295147 3.3162057 3.4935700 3.4935700 3.5054093 3.3795662 3.6473252 3.6185587 3.6364614 2.2826102 2.9502590 2.1792861 1.8934695 1.9005047 2.0586080 2.0865695 1.6120717 2.4332793 2.4332793 2.4233987 2.4233987 2.3551891 2.3553915 2.3412731 2.2261195 2.1686978 2.1815680 2.1108359 2.1593254 2.1593254 1.6156914 1.6046962 0.0000000 1.2168520 2.9039445 3.2037848 2.9521545 2.8111506 2.7540506 3.0237297 2.9580592 3.0635193 2.9576382 
P07658-O_Escherichia-G_fdhF-T_BLAST                                             3.6148211 2.8709685 3.1349159 3.6386802 3.7489963 3.3431224 3.4513944 3.6141216 3.6141216 4.7825189 4.7825189 2.9804590 3.1561314 3.3295282 3.3295282 3.3168910 3.0227549 3.0674074 3.3516929 3.3646771 2.4752204 2.4704229 2.4991035 2.2905963 2.3248510 2.3503094 2.3310653 1.7048655 2.2780198 2.2780198 2.2697322 2.2697322 2.2430689 2.2785895 2.2963030 2.2730757 2.3561015 2.3713352 2.2670308 2.2952663 2.2952663 1.8471019 1.6934384 1.2168520 0.0000000 2.8990514 2.9936570 2.7931916 2.8727547 2.6379079 2.6377428 2.6887673 2.7229105 2.6082959 
P31075-O_Wolinella-G_psrA-T_BLAST                                               3.5860968 3.2600082 3.0625437 4.3651054 4.0708962 4.2462850 4.4320128 4.1864917 4.1864917 5.8623477 5.8623477 3.6231958 3.6127920 3.8485562 3.8585559 3.9014868 3.9531345 3.9461383 4.1861410 4.1128098 3.4514029 3.4732826 3.8475116 3.8289718 3.8124503 3.6371777 3.7316071 2.9885269 3.3328086 3.3319449 3.3006425 3.3254732 3.3200990 3.2709693 3.2669208 3.5218832 3.4068678 3.4305839 3.6063959 3.5700310 3.5700310 2.9463955 3.1943317 2.9039445 2.8990514 0.0000000 1.5111422 3.4880533 3.2904369 3.1522035 3.1379579 3.0230040 3.2962666 3.2672181 
P37600-O_Salmonella-G_phsA-T_BLAST                                              3.3381048 3.1980324 2.7405841 4.1246107 3.9651474 3.8801518 4.0545317 4.0171491 4.0171491 5.9861798 5.9861798 3.8172032 3.7622460 3.6671962 3.6671962 3.6898794 3.2531020 3.3640433 3.9369042 3.8348580 3.5109530 3.2109585 3.9045182 3.8408700 3.9463255 3.7055680 3.6879453 3.1054732 3.4944738 3.4932383 3.4383306 3.4839822 3.4420214 3.4213068 3.4264514 3.4487700 3.3793442 3.4071527 3.3644971 3.3044608 3.3044608 3.1314246 3.1196668 3.2037848 2.9936570 1.5111422 0.0000000 3.5783399 3.1601603 3.1558060 2.6798830 2.7342469 2.7484562 2.8514148 
Q57366-O_Rhodobacter-G_dmsA-T_BLAST                                             3.8982906 4.1841866 3.7478456 3.7967948 3.9761525 3.6761058 3.7601800 3.5481876 3.5481876 4.9132517 4.9132517 3.2883423 3.5428619 3.6404104 3.6452833 3.6493882 3.6044642 3.8530541 3.8387749 3.8727923 4.0291095 3.2207406 4.2562016 4.1605043 4.1258813 4.0518815 4.0215072 3.6694363 3.3638484 3.3779633 3.4036260 3.3831933 3.2003303 3.4044627 3.3416355 3.3639339 3.3977223 3.3917592 3.1675843 3.4246924 3.4246924 3.0719753 2.9260484 2.9521545 2.7931916 3.4880533 3.5783399 0.0000000 3.0159083 3.0473118 2.3366694 2.2008453 2.4183397 2.6256457 
P37519-O_Bacillus-G_yyaE-T_BLAST                                                3.4198769 3.2895678 3.2577695 3.8693153 3.9108811 3.6941586 3.6177867 3.7310363 3.7310363 5.1724719 5.1724719 3.3436588 3.5586500 3.2289447 3.2312821 3.2602598 3.3803224 3.1457658 3.7594275 3.8175977 3.4604991 3.0556842 3.2786466 3.2549947 3.1410735 3.2736606 3.2449493 2.8575755 3.2789342 3.2789342 3.2888531 3.2888531 3.4040712 3.3796971 3.3482274 3.3070808 3.1591063 3.1517722 3.1950802 3.2386590 3.2386590 3.0914113 2.8745067 2.8111506 2.8727547 3.2904369 3.1601603 3.0159083 0.0000000 2.2043857 2.5756865 2.5158460 2.6264283 2.5662368 
C0SP82-O_Bacillus-G_yoaE-T_BLAST                                                3.5134414 2.9131316 3.0155164 3.7289640 3.8162512 3.4831924 3.6016796 3.5221209 3.5221209 5.3728941 5.3728941 2.8594125 3.0198856 3.3450735 3.3501727 3.3655298 2.9928765 3.4979999 3.5956320 3.6884363 3.5066759 2.6639140 3.5147598 3.4823946 3.5268008 3.4567821 3.4925774 2.7773231 3.3447428 3.3486965 3.3172953 3.3379947 3.2334812 3.3388251 3.3148546 3.2587415 3.1670862 3.1814666 3.0826422 3.1664834 3.1664834 2.8013145 2.5449165 2.7540506 2.6379079 3.1522035 3.1558060 3.0473118 2.2043857 0.0000000 2.3907778 2.2564113 2.2982073 2.3398771 
P45004-O_Haemophilus-G_dmsA-T_BLAST                                             3.6533551 3.1824855 3.2341296 3.4909827 3.5798098 3.4466639 3.4679083 3.2931864 3.2931864 5.4936701 5.4936701 2.7434877 3.0831604 3.1931876 3.2028025 3.2018706 3.0251445 3.1932344 3.0564424 3.1134201 3.3507832 2.7163616 3.5889649 3.7354104 3.6776952 3.8279681 3.6572490 3.0957306 3.0935059 3.0924939 3.1007403 3.0889467 3.0236355 3.0171253 2.9878970 3.0205518 2.9190523 2.9140247 3.0986939 2.8690749 2.8690749 3.0642630 2.8188342 3.0237297 2.6377428 3.1379579 2.6798830 2.3366694 2.5756865 2.3907778 0.0000000 0.4939535 0.6836254 0.7744248 
P18775-O_Escherichia-G_dmsA-T_BLAST                                             3.7235557 3.4375061 3.2097254 3.7336132 3.7210149 3.5874032 3.6546931 3.3814111 3.3814111 5.3841429 5.3841429 2.8003363 3.2184609 3.3352107 3.3352107 3.3483755 3.2583855 3.2759971 3.4502838 3.3805884 3.3861395 2.9576696 3.6570471 3.6087526 3.6829449 3.7157037 3.5296870 3.1960841 3.1427262 3.1481117 3.1596202 3.1507801 3.1161781 3.0892710 3.0785109 3.0641606 3.0717273 3.0803788 2.9378025 2.9743954 2.9743954 3.0607894 3.0153174 2.9580592 2.6887673 3.0230040 2.7342469 2.2008453 2.5158460 2.2564113 0.4939535 0.0000000 0.5452918 0.6135093 
P77374-O_Escherichia-G_ynfE-T_BLAST                                             3.4641379 3.2524638 3.2818900 3.2530906 3.4118120 3.0315297 3.1571761 3.3859756 3.3859756 5.4064657 5.4064657 2.8537170 3.0536118 3.3357581 3.3357581 3.3442981 3.3497401 3.0420413 3.3647788 3.1761692 3.0999038 2.9152846 3.4503058 3.5245593 3.5575002 3.6806963 3.6265852 3.3118806 3.2041290 3.2034035 3.1957870 3.2061555 3.1565165 3.0687935 3.0558017 3.3009853 3.1219115 3.1306881 3.1286232 3.1860765 3.1860765 3.0863076 2.8339227 3.0635193 2.7229105 3.2962666 2.7484562 2.4183397 2.6264283 2.2982073 0.6836254 0.5452918 0.0000000 0.4448050 
P77783-O_Escherichia-G_ynfF-T_BLAST                                             3.5086807 3.4001953 3.2239541 3.3845373 3.5232910 3.2951017 3.3681897 3.5934307 3.5934307 5.6243768 5.6243768 2.8653508 3.2033381 3.4671243 3.4671243 3.4812688 3.2358329 3.1295560 3.3173885 3.2322663 3.2779496 2.9053519 3.3792864 3.5263690 3.5147477 3.7016276 3.7119276 3.3714515 3.4728988 3.4712476 3.4743055 3.4675946 3.3656321 3.3070158 3.2955749 3.3384461 3.3266808 3.3332793 3.2044577 3.3420582 3.3420582 3.1981379 3.0190152 2.9576382 2.6082959 3.2672181 2.8514148 2.6256457 2.5662368 2.3398771 0.7744248 0.6135093 0.4448050 0.0000000 
