26
Q45695-O_Burkholderia-G_dntAc-T_BLAST    0.0000000 0.1456617 0.2921082 0.2619195 0.2681559 0.2681559 1.9986228 1.9467332 1.9573443 1.9613141 1.9600759 1.9600759 1.9583126 2.2654003 2.1667504 2.1667504 2.2131915 2.8736058 2.4311729 2.4595696 2.3257268 2.3763453 3.7431842 3.6571407 3.6323496 3.5155736 
O52382-O_Ralstonia-G_nagAc-T_BLAST       0.1456617 0.0000000 0.1455801 0.1157358 0.1268896 0.1268896 1.9856126 1.9736030 1.9843616 1.9747568 1.9866405 1.9866405 1.9848469 2.1691863 2.0913677 2.0913677 2.1175642 2.7938091 2.2941523 2.3264617 2.1870680 2.2410805 3.5075640 3.4479803 3.3121058 3.1809396 
Q51494-O_Pseudomonas-G_ndoB-T_BLAST      0.2921082 0.1455801 0.0000000 0.1057823 0.1134432 0.1134432 2.0245513 1.9514997 1.9621254 1.9462685 1.9578935 1.9578935 1.9561354 2.1721416 2.0339695 2.0339695 2.0392118 2.7381990 2.2181294 2.2512237 2.1143540 2.2279370 3.4320280 3.4588797 3.3067980 3.1352648 
O07824-O_Pseudomonas-G_ndoB-T_BLAST      0.2619195 0.1157358 0.1057823 0.0000000 0.0427890 0.0427890 2.0494624 1.9847996 1.9956866 1.9863005 1.9983524 1.9983524 1.9965348 2.2063163 2.0822376 2.0822376 2.1094614 2.7578874 2.3208207 2.3593496 2.2486162 2.3486029 3.4781095 3.4695945 3.2515195 3.1353967 
P0A111-O_Pseudomonas-G_doxB-T_BLAST      0.2681559 0.1268896 0.1134432 0.0427890 0.0000000 0.0000010 2.0605247 1.9778408 1.9887292 1.9793573 1.9913945 1.9913945 1.9895782 2.1833840 2.0610542 2.0610542 2.0859006 2.7376582 2.3064054 2.3409172 2.2247783 2.3195377 3.4342387 3.4189824 3.2295809 3.0222820 
P0A110-O_Pseudomonas-G_ndoB-T_BLAST      0.2681559 0.1268896 0.1134432 0.0427890 0.0000010 0.0000000 2.0605247 1.9778408 1.9887292 1.9793573 1.9913945 1.9913945 1.9895782 2.1833840 2.0610542 2.0610542 2.0859006 2.7376582 2.3064054 2.3409172 2.2247783 2.3195377 3.4342387 3.4189824 3.2295809 3.0222820 
Q7N4W0-O_Photorhabdus-G_hcaE-T_BLAST     1.9986228 1.9856126 2.0245513 2.0494624 2.0605247 2.0605247 0.0000000 0.2603734 0.2598935 0.2576232 0.2565344 0.2565344 0.2598079 1.2743370 1.2601950 1.2601950 1.2690442 1.5593593 1.3077926 1.3265523 1.3179177 1.3529290 3.3306674 3.1834352 3.0022707 3.1089119 
Q0T1Y1-O_Shigella-G_hcaE-T_BLAST         1.9467332 1.9736030 1.9514997 1.9847996 1.9778408 1.9778408 0.2603734 0.0000000 0.0046424 0.0069922 0.0046499 0.0046499 0.0069846 1.2145246 1.2175672 1.2175672 1.2122766 1.4717901 1.2368096 1.2533883 1.1973278 1.2055221 3.1928413 3.0639348 2.9854691 3.0636691 
Q83K39-O_Shigella-G_hcaE-T_BLAST         1.9573443 1.9843616 1.9621254 1.9956866 1.9887292 1.9887292 0.2598935 0.0046424 0.0000000 0.0069756 0.0046389 0.0046389 0.0069680 1.2041531 1.2069230 1.2069230 1.2017125 1.4733103 1.2260191 1.2425085 1.1870525 1.2043721 3.1675170 3.0667498 2.9908508 3.0692559 
Q31XV2-O_Shigella-G_hcaE-T_BLAST         1.9613141 1.9747568 1.9462685 1.9863005 1.9793573 1.9793573 0.2576232 0.0069922 0.0069756 0.0000000 0.0023198 0.0023198 0.0046460 1.2216969 1.2249371 1.2249371 1.2195785 1.4939000 1.2404342 1.2570815 1.1962688 1.2138577 3.2012865 3.0852555 3.0091882 3.0702378 
Q3YZ15-O_Shigella-G_hcaE-T_BLAST         1.9600759 1.9866405 1.9578935 1.9983524 1.9913945 1.9913945 0.2565344 0.0046499 0.0046389 0.0023198 0.0000000 0.0000010 0.0023173 1.2101388 1.2130667 1.2130667 1.2078083 1.4727388 1.2283988 1.2449129 1.1849340 1.2021833 3.1824581 3.0685639 2.9933440 3.0683468 
P0ABR5-O_Escherichia-G_hcaE-T_BLAST      1.9600759 1.9866405 1.9578935 1.9983524 1.9913945 1.9913945 0.2565344 0.0046499 0.0046389 0.0023198 0.0000010 0.0000000 0.0023173 1.2101388 1.2130667 1.2130667 1.2078083 1.4727388 1.2283988 1.2449129 1.1849340 1.2021833 3.1824581 3.0685639 2.9933440 3.0683468 
A8A344-O_Escherichia-G_hcaE-T_BLAST      1.9583126 1.9848469 1.9561354 1.9965348 1.9895782 1.9895782 0.2598079 0.0069846 0.0069680 0.0046460 0.0023173 0.0023173 0.0000000 1.2175907 1.2207160 1.2207160 1.2153990 1.4859231 1.2361376 1.2527192 1.1922692 1.2097187 3.1758098 3.0468185 2.9723966 3.0463722 
Q53122-O_Rhodococcus-G_bphA1-T_BLAST     2.2654003 2.1691863 2.1721416 2.2063163 2.1833840 2.1833840 1.2743370 1.2145246 1.2041531 1.2216969 1.2101388 1.2101388 1.2175907 0.0000000 0.3207335 0.3207335 0.3535529 0.5760642 0.5179913 0.5185696 0.5381134 0.5587123 3.3050479 3.1948563 2.9125870 3.3045753 
P0C618-O_Pseudomonas-G_bnzA-T_BLAST      2.1667504 2.0913677 2.0339695 2.0822376 2.0610542 2.0610542 1.2601950 1.2175672 1.2069230 1.2249371 1.2130667 1.2130667 1.2207160 0.3207335 0.0000000 0.0000010 0.0876350 0.6567843 0.5669831 0.5842746 0.5374236 0.5913543 3.4260982 3.2187107 2.9667791 3.1289717 
A5W4F2-O_Pseudomonas-G_bnzA-T_BLAST      2.1667504 2.0913677 2.0339695 2.0822376 2.0610542 2.0610542 1.2601950 1.2175672 1.2069230 1.2249371 1.2130667 1.2130667 1.2207160 0.3207335 0.0000010 0.0000000 0.0876350 0.6567843 0.5669831 0.5842746 0.5374236 0.5913543 3.4260982 3.2187107 2.9667791 3.1289717 
Q07944-O_Pseudomonas-G_bedC1-T_BLAST     2.2131915 2.1175642 2.0392118 2.1094614 2.0859006 2.0859006 1.2690442 1.2122766 1.2017125 1.2195785 1.2078083 1.2078083 1.2153990 0.3535529 0.0876350 0.0876350 0.0000000 0.6838677 0.5750916 0.5899141 0.5476887 0.5787730 3.4898042 3.2260257 2.9473556 3.1989283 
BAC05504.1-O_Thauera-NCBI                2.8736058 2.7938091 2.7381990 2.7578874 2.7376582 2.7376582 1.5593593 1.4717901 1.4733103 1.4939000 1.4727388 1.4727388 1.4859231 0.5760642 0.6567843 0.6567843 0.6838677 0.0000000 0.4790065 0.5056115 0.4367599 0.4244514 4.0542987 3.7418455 3.7191048 4.0870699 
Q52028-O_Pseudomonas-G_bphA-T_BLAST      2.4311729 2.2941523 2.2181294 2.3208207 2.3064054 2.3064054 1.3077926 1.2368096 1.2260191 1.2404342 1.2283988 1.2283988 1.2361376 0.5179913 0.5669831 0.5669831 0.5750916 0.4790065 0.0000000 0.0453954 0.3122687 0.3209713 3.5717155 3.1907597 2.9241169 3.0966316 
P37333-O_Paraburkholderia-G_bphA-T_BLAST 2.4595696 2.3264617 2.2512237 2.3593496 2.3409172 2.3409172 1.3265523 1.2533883 1.2425085 1.2570815 1.2449129 1.2449129 1.2527192 0.5185696 0.5842746 0.5842746 0.5899141 0.5056115 0.0453954 0.0000000 0.3349080 0.3501115 3.6357954 3.1993361 2.9091055 3.0571006 
Q46372-O_Comamonas-G_bphA-T_BLAST        2.3257268 2.1870680 2.1143540 2.2486162 2.2247783 2.2247783 1.3179177 1.1973278 1.1870525 1.1962688 1.1849340 1.1849340 1.1922692 0.5381134 0.5374236 0.5374236 0.5476887 0.4367599 0.3122687 0.3349080 0.0000000 0.2232242 3.4120685 3.2690031 2.9421304 3.2684945 
Q52438-O_Pseudomonas-G_bphA1-T_BLAST     2.3763453 2.2410805 2.2279370 2.3486029 2.3195377 2.3195377 1.3529290 1.2055221 1.2043721 1.2138577 1.2021833 1.2021833 1.2097187 0.5587123 0.5913543 0.5913543 0.5787730 0.4244514 0.3209713 0.3501115 0.2232242 0.0000000 3.3988558 3.2872967 2.9639245 3.1266674 
Q51974-O_Pseudomonas-G_cmtAb-T_BLAST     3.7431842 3.5075640 3.4320280 3.4781095 3.4342387 3.4342387 3.3306674 3.1928413 3.1675170 3.2012865 3.1824581 3.1824581 3.1758098 3.3050479 3.4260982 3.4260982 3.4898042 4.0542987 3.5717155 3.6357954 3.4120685 3.3988558 0.0000000 2.8193834 2.9381160 2.7572784 
Q51601-O_Burkholderia-G_cbdA-T_BLAST     3.6571407 3.4479803 3.4588797 3.4695945 3.4189824 3.4189824 3.1834352 3.0639348 3.0667498 3.0852555 3.0685639 3.0685639 3.0468185 3.1948563 3.2187107 3.2187107 3.2260257 3.7418455 3.1907597 3.1993361 3.2690031 3.2872967 2.8193834 0.0000000 0.8885069 0.9214274 
P07769-O_Acinetobacter-G_benA-T_BLAST    3.6323496 3.3121058 3.3067980 3.2515195 3.2295809 3.2295809 3.0022707 2.9854691 2.9908508 3.0091882 2.9933440 2.9933440 2.9723966 2.9125870 2.9667791 2.9667791 2.9473556 3.7191048 2.9241169 2.9091055 2.9421304 2.9639245 2.9381160 0.8885069 0.0000000 0.6236261 
P23099-O_Pseudomonas-G_xylX-T_BLAST      3.5155736 3.1809396 3.1352648 3.1353967 3.0222820 3.0222820 3.1089119 3.0636691 3.0692559 3.0702378 3.0683468 3.0683468 3.0463722 3.3045753 3.1289717 3.1289717 3.1989283 4.0870699 3.0966316 3.0571006 3.2684945 3.1266674 2.7572784 0.9214274 0.6236261 0.0000000 
