44
Q44256-O_Comamonas-G_cbaA-T_BLAST           0.0000000 6.7834470 4.9420872 4.9420872 5.0302779 4.7855672 5.4650215 5.6924930 5.6681760 6.2534001 6.5955711 6.0487713 5.2087591 5.0757511 5.2254960 5.0724834 4.8444379 5.3943469 5.1921286 5.0429971 4.9988605 4.9988605 5.1029262 4.6446208 4.5083771 4.5057596 4.4498116 4.4738798 4.4738798 4.5144660 5.0944095 5.0688139 5.0688139 5.1028161 5.7239221 5.6345526 5.3203302 5.3853527 4.9580226 5.0177748 5.0177748 4.8174487 4.8174487 4.7756066 
H9N291-O_Pseudomonas-G_ndmD-T_BLAST         6.7834470 0.0000000 6.0055109 6.0055109 5.6051975 5.8180186 5.4175143 6.1804030 4.7870309 4.5264698 5.0130351 5.6334131 5.1695684 5.4755124 4.8681933 4.9890516 4.9946428 5.0580557 5.1577069 5.1530979 5.2680922 5.2680922 5.3310221 4.3548515 4.1446631 4.1419300 4.1616411 4.1229380 4.1229380 4.1574121 4.0699821 4.0992037 4.0992037 4.1510840 4.1832921 4.1551328 4.2765879 4.2240648 5.1402127 4.9649651 4.9649651 5.4099532 5.4099532 5.3668209 
P0ABR7-O_Escherichia-G_yeaW-T_BLAST         4.9420872 6.0055109 0.0000000 0.0000010 0.4180607 0.4203561 3.3839451 3.3475841 3.1220386 3.3085757 3.5158422 3.4407224 3.1886942 4.2803137 3.7055968 4.0949078 4.0569830 3.7598905 3.4552700 3.4473408 3.5678936 3.5678936 3.5731288 3.2653905 3.1191839 3.1222548 3.0934681 3.1212481 3.1212481 3.1179909 3.1250585 3.0659358 3.0659358 3.0843184 2.9196717 2.8706315 2.9254679 3.1164139 4.0132997 3.1565496 3.1565496 3.3833601 3.3833601 3.3921303 
P0ABR8-O_Escherichia-G_yeaW-T_BLAST         4.9420872 6.0055109 0.0000010 0.0000000 0.4180607 0.4203561 3.3839451 3.3475841 3.1220386 3.3085757 3.5158422 3.4407224 3.1886942 4.2803137 3.7055968 4.0949078 4.0569830 3.7598905 3.4552700 3.4473408 3.5678936 3.5678936 3.5731288 3.2653905 3.1191839 3.1222548 3.0934681 3.1212481 3.1212481 3.1179909 3.1250585 3.0659358 3.0659358 3.0843184 2.9196717 2.8706315 2.9254679 3.1164139 4.0132997 3.1565496 3.1565496 3.3833601 3.3833601 3.3921303 
D0C9N6-O_Acinetobacter-G_cntA-T_BLAST       5.0302779 5.6051975 0.4180607 0.4180607 0.0000000 0.0912339 3.3103858 3.2704039 2.9606784 3.2996958 3.2855974 3.5702262 3.3654641 4.0061740 3.4547706 3.9114227 3.9140702 3.3754899 3.2408001 2.9352588 3.1060367 3.1060367 3.1403218 3.2826551 3.2219069 3.2249146 3.2269757 3.2239289 3.2239289 3.2207123 3.1545866 3.0642619 3.0642619 3.0965137 3.4348873 3.3998296 3.2957374 3.3164135 3.7736171 3.3813711 3.3813711 3.2969864 3.2969864 3.2983115 
F0KFI5-O_Acinetobacter-G_yeaW-T_BLAST       4.7855672 5.8180186 0.4203561 0.4203561 0.0912339 0.0000000 3.6468890 3.7200729 3.0841121 3.5054285 3.5313607 3.6994745 3.3596300 4.4192572 3.6434985 4.1114439 4.1242177 3.7863955 3.6455524 3.1861991 3.3922327 3.3922327 3.4558838 3.5230012 3.3536039 3.3566816 3.3590503 3.3556707 3.3556707 3.3523460 3.2917947 3.1894066 3.1894066 3.2128742 3.4956539 3.4431026 3.2899880 3.3801141 4.0197788 3.5074057 3.5074057 3.4874102 3.4874102 3.4698737 
Q51974-O_Pseudomonas-G_cmtAb-T_BLAST        5.4650215 5.4175143 3.3839451 3.3839451 3.3103858 3.6468890 0.0000000 2.9916794 2.8661675 2.6990694 2.7232914 3.6105079 4.0613017 3.0809929 2.9058844 3.5609291 3.5732445 2.9693717 2.7381751 2.7760131 2.7286109 2.7286109 2.7615356 2.9362500 2.8182767 2.7971920 2.8255507 2.8097942 2.8097942 2.8044258 2.8426784 2.8720602 2.8720602 2.9617293 3.0882286 3.0812145 3.2083753 3.0736749 2.8303184 2.9748495 2.9748495 2.8806743 2.8806743 2.8979848 
O85673-O_Acinetobacter-G_antA-T_BLAST       5.6924930 6.1804030 3.3475841 3.3475841 3.2704039 3.7200729 2.9916794 0.0000000 1.5412164 1.5310473 1.3377777 3.4039765 3.5311922 3.5585449 3.1362296 3.4012075 3.3993534 3.7088330 3.5031720 3.5036924 3.5056246 3.5056246 3.6015713 2.8449705 2.8247137 2.8266558 2.8428529 2.8277139 2.8277139 2.8225763 2.9409885 2.9382934 2.9382934 2.9312886 2.9840121 2.9797608 3.2254098 2.9921388 3.2795469 3.1975025 3.1975025 3.1749256 3.1749256 3.1385661 
Q51601-O_Burkholderia-G_cbdA-T_BLAST        5.6681760 4.7870309 3.1220386 3.1220386 2.9606784 3.0841121 2.8661675 1.5412164 0.0000000 0.8528389 0.8098616 3.6136395 3.7605632 3.2709354 3.0250966 3.6428494 3.5427720 3.4023664 3.2042320 3.1555478 3.1746522 3.1746522 3.2138247 2.8192976 2.7681390 2.7705422 2.7866374 2.7720536 2.7720536 2.7535540 2.9877514 3.0577991 3.0577991 3.0311418 3.0171233 3.0304270 3.2008858 3.2206084 3.2346837 3.2991381 3.2991381 3.0705626 3.0705626 3.0542027 
P07769-O_Acinetobacter-G_benA-T_BLAST       6.2534001 4.5264698 3.3085757 3.3085757 3.2996958 3.5054285 2.6990694 1.5310473 0.8528389 0.0000000 0.5933056 3.4256858 3.6047029 3.6958403 3.0907641 3.0729695 3.0766211 3.2404278 3.0457761 3.0671876 3.0821197 3.0821197 3.0944523 2.7561480 2.8841677 2.8889323 2.9065089 2.8911024 2.8911024 2.8720127 2.7008456 2.7743272 2.7743272 2.7232759 2.6222918 2.6962585 2.8720918 2.7835574 2.9328384 3.1789511 3.1789511 3.0378956 3.0378956 3.0303590 
P23099-O_Pseudomonas-G_xylX-T_BLAST         6.5955711 5.0130351 3.5158422 3.5158422 3.2855974 3.5313607 2.7232914 1.3377777 0.8098616 0.5933056 0.0000000 3.5425644 3.8007577 3.4864781 3.0868678 3.2498876 3.1828563 3.3525958 3.0786633 3.0169818 3.0138340 3.0138340 3.1300019 2.7535270 2.9069907 2.9118386 2.9130767 2.9110336 2.9110336 2.8915538 3.0141882 2.9443873 2.9443873 2.8996339 2.8708172 2.9496488 3.2618985 3.0917249 3.1469915 3.3867356 3.3867356 3.2056600 3.2056600 3.1986103 
Q9RBG5-O_Alcaligenes-G_absAa-T_BLAST        6.0487713 5.6334131 3.4407224 3.4407224 3.5702262 3.6994745 3.6105079 3.4039765 3.6136395 3.4256858 3.5425644 0.0000000 1.6942423 3.6319848 2.8358463 2.9227682 2.9515152 3.0489482 2.7405312 2.9107039 2.9593532 2.9593532 2.9202243 2.8813520 2.7919521 2.7901549 2.7738647 2.7967932 2.7967932 2.7752948 2.7748154 2.8599369 2.8599369 2.8318010 2.8510168 2.8495017 2.6281371 2.5896259 3.3182244 2.9701683 2.9701683 2.7584484 2.7584484 2.7710070 
Q9X404-O_Methylosulfonomonas-G_msmA-T_BLAST 5.2087591 5.1695684 3.1886942 3.1886942 3.3654641 3.3596300 4.0613017 3.5311922 3.7605632 3.6047029 3.8007577 1.6942423 0.0000000 3.8304757 3.2847226 3.3031922 3.3603186 3.7540110 3.7616408 3.6651554 3.8252372 3.8252372 3.7428958 3.3736203 3.1771204 3.1750517 3.2002089 3.1807931 3.1807931 3.2045422 2.9408945 2.9381735 2.9381735 2.9303629 3.0372942 2.9652255 2.8666474 2.8409976 3.8154429 3.2006591 3.2006591 3.3655181 3.3655181 3.3523542 
O52379-O_Ralstonia-G_nagG-T_BLAST           5.0757511 5.4755124 4.2803137 4.2803137 4.0061740 4.4192572 3.0809929 3.5585449 3.2709354 3.6958403 3.4864781 3.6319848 3.8304757 0.0000000 1.9409158 1.8044934 1.6721036 3.1425409 3.1926332 3.1404247 3.1644725 3.1644725 3.1256225 2.8296106 2.7995490 2.8149065 2.8358479 2.8197865 2.8197865 2.8392787 2.7484480 2.6945143 2.6945143 2.7681363 2.9094472 2.8867126 2.7869933 2.6956622 3.2673830 3.0746997 3.0746997 3.2609295 3.2609295 3.2608673 
Q84BZ3-O_Burkholderia-G_andAc-T_BLAST       5.2254960 4.8681933 3.7055968 3.7055968 3.4547706 3.6434985 2.9058844 3.1362296 3.0250966 3.0907641 3.0868678 2.8358463 3.2847226 1.9409158 0.0000000 1.2617553 1.3639822 3.2564507 3.2323392 3.1447053 3.2310530 3.2310530 3.2403424 2.7411977 2.6282046 2.6272231 2.6482228 2.6333590 2.6333590 2.6513549 2.7746312 2.8387722 2.8387722 2.8063447 3.0019632 2.9650752 2.8498549 2.7692852 3.2705739 2.8890592 2.8890592 2.7266294 2.7266294 2.7212598 
Q3C1D5-O_Comamonas-G_tphA2II-T_BLAST        5.0724834 4.9890516 4.0949078 4.0949078 3.9114227 4.1114439 3.5609291 3.4012075 3.6428494 3.0729695 3.2498876 2.9227682 3.3031922 1.8044934 1.2617553 0.0000000 0.0494597 3.1618974 3.1995025 3.1802953 3.2632586 3.2632586 3.2110897 2.8454330 2.6702728 2.7020984 2.7055923 2.6901310 2.6901310 2.6702060 2.7580679 3.0014799 3.0014799 3.0032835 3.0213909 2.9707188 2.9317093 2.9143040 3.2527924 3.3964914 3.3964914 3.5211218 3.5211218 3.5188643 
Q3C1E3-O_Comamonas-G_tphA2I-T_BLAST         4.8444379 4.9946428 4.0569830 4.0569830 3.9140702 4.1242177 3.5732445 3.3993534 3.5427720 3.0766211 3.1828563 2.9515152 3.3603186 1.6721036 1.3639822 0.0494597 0.0000000 3.1380447 3.1662931 3.1444307 3.1988705 3.1988705 3.1317535 2.7932080 2.6651041 2.6968434 2.7003174 2.6849094 2.6849094 2.6650324 2.7572334 2.9442548 2.9442548 2.9422115 3.0065812 2.9646585 2.8942341 2.9081891 3.2074851 3.2950691 3.2950691 3.3845290 3.3845290 3.4061141 
Q45695-O_Burkholderia-G_dntAc-T_BLAST       5.3943469 5.0580557 3.7598905 3.7598905 3.3754899 3.7863955 2.9693717 3.7088330 3.4023664 3.2404278 3.3525958 3.0489482 3.7540110 3.1425409 3.2564507 3.1618974 3.1380447 0.0000000 0.1584747 0.3430515 0.3081297 0.3081297 0.3039098 1.8757833 1.8571703 1.8667974 1.8701441 1.8691569 1.8691569 1.8674332 2.1386739 2.1105559 2.1105559 2.1402663 2.2311733 2.2159981 2.2233174 2.1621142 2.4136445 2.3648490 2.3648490 2.0626529 2.0626529 2.0613888 
O52382-O_Ralstonia-G_nagAc-T_BLAST          5.1921286 5.1577069 3.4552700 3.4552700 3.2408001 3.6455524 2.7381751 3.5031720 3.2042320 3.0457761 3.0786633 2.7405312 3.7616408 3.1926332 3.2323392 3.1995025 3.1662931 0.1584747 0.0000000 0.1693986 0.1451290 0.1451290 0.1362057 1.8964432 1.8721940 1.8818821 1.8725115 1.8837891 1.8837891 1.8820548 2.0674378 2.0493855 2.0493855 2.0870741 2.1419657 2.1316525 2.1382364 2.0902928 2.4453864 2.3668053 2.3668053 2.0064218 2.0064218 1.9979412 
Q51494-O_Pseudomonas-G_ndoB-T_BLAST         5.0429971 5.1530979 3.4473408 3.4473408 2.9352588 3.1861991 2.7760131 3.5036924 3.1555478 3.0671876 3.0169818 2.9107039 3.6651554 3.1404247 3.1447053 3.1802953 3.1444307 0.3430515 0.1693986 0.0000000 0.1116551 0.1116551 0.1041793 1.9309636 1.8444969 1.8539971 1.8390846 1.8500451 1.8500451 1.8483515 2.0313175 1.9792229 1.9792229 1.9992353 2.0744848 2.0646878 2.0434323 2.0543343 2.3990752 2.3049120 2.3049120 1.9564870 1.9564870 1.9478011 
P0A111-O_Pseudomonas-G_doxB-T_BLAST         4.9988605 5.2680922 3.5678936 3.5678936 3.1060367 3.3922327 2.7286109 3.5056246 3.1746522 3.0821197 3.0138340 2.9593532 3.8252372 3.1644725 3.2310530 3.2632586 3.1988705 0.3081297 0.1451290 0.1116551 0.0000000 0.0000010 0.0425290 1.9782403 1.8783796 1.8881707 1.8790235 1.8904300 1.8904300 1.8886774 2.0573517 2.0240503 2.0240503 2.0655101 2.1856131 2.1751040 2.1621810 2.1569066 2.4054037 2.3270973 2.3270973 1.9917784 1.9917784 1.9880518 
P0A110-O_Pseudomonas-G_ndoB-T_BLAST         4.9988605 5.2680922 3.5678936 3.5678936 3.1060367 3.3922327 2.7286109 3.5056246 3.1746522 3.0821197 3.0138340 2.9593532 3.8252372 3.1644725 3.2310530 3.2632586 3.1988705 0.3081297 0.1451290 0.1116551 0.0000010 0.0000000 0.0425290 1.9782403 1.8783796 1.8881707 1.8790235 1.8904300 1.8904300 1.8886774 2.0573517 2.0240503 2.0240503 2.0655101 2.1856131 2.1751040 2.1621810 2.1569066 2.4054037 2.3270973 2.3270973 1.9917784 1.9917784 1.9880518 
O07824-O_Pseudomonas-G_ndoB-T_BLAST         5.1029262 5.3310221 3.5731288 3.5731288 3.1403218 3.4558838 2.7615356 3.6015713 3.2138247 3.0944523 3.1300019 2.9202243 3.7428958 3.1256225 3.2403424 3.2110897 3.1317535 0.3039098 0.1362057 0.1041793 0.0425290 0.0425290 0.0000000 1.9963719 1.9208805 1.9308623 1.9214746 1.9331741 1.9331741 1.9313874 2.1095637 2.0616197 2.0616197 2.1015334 2.1741925 2.1637853 2.1586479 2.1512854 2.4109711 2.3945791 2.3945791 2.0278786 2.0278786 2.0187069 
Q7N4W0-O_Photorhabdus-G_hcaE-T_BLAST        4.6446208 4.3548515 3.2653905 3.2653905 3.2826551 3.5230012 2.9362500 2.8449705 2.8192976 2.7561480 2.7535270 2.8813520 3.3736203 2.8296106 2.7411977 2.8454330 2.7932080 1.8757833 1.8964432 1.9309636 1.9782403 1.9782403 1.9963719 0.0000000 0.2451441 0.2447101 0.2424253 0.2415666 0.2415666 0.2445952 1.1291422 1.1388802 1.1388802 1.1353124 1.2150156 1.2020772 1.1966134 1.2191428 2.3401183 2.0348864 2.0348864 1.7821214 1.7821214 1.7713070 
Q0T1Y1-O_Shigella-G_hcaE-T_BLAST            4.5083771 4.1446631 3.1191839 3.1191839 3.2219069 3.3536039 2.8182767 2.8247137 2.7681390 2.8841677 2.9069907 2.7919521 3.1771204 2.7995490 2.6282046 2.6702728 2.6651041 1.8571703 1.8721940 1.8444969 1.8783796 1.8783796 1.9208805 0.2451441 0.0000000 0.0046397 0.0069816 0.0046456 0.0046456 0.0069745 1.1131676 1.1080012 1.1080012 1.0947008 1.1741958 1.1554541 1.1266662 1.1307997 2.3933414 2.0062690 2.0062690 1.7863072 1.7863072 1.7755646 
Q83K39-O_Shigella-G_hcaE-T_BLAST            4.5057596 4.1419300 3.1222548 3.1222548 3.2249146 3.3566816 2.7971920 2.8266558 2.7705422 2.8889323 2.9118386 2.7901549 3.1750517 2.8149065 2.6272231 2.7020984 2.6968434 1.8667974 1.8818821 1.8539971 1.8881707 1.8881707 1.9308623 0.2447101 0.0046397 0.0000000 0.0069686 0.0046369 0.0046369 0.0069615 1.1041641 1.0988291 1.0988291 1.0856272 1.1645727 1.1458959 1.1175386 1.1297794 2.4045668 1.9984788 1.9984788 1.7792036 1.7792036 1.7684804 
Q31XV2-O_Shigella-G_hcaE-T_BLAST            4.4498116 4.1616411 3.0934681 3.0934681 3.2269757 3.3590503 2.8255507 2.8428529 2.7866374 2.9065089 2.9130767 2.7738647 3.2002089 2.8358479 2.6482228 2.7055923 2.7003174 1.8701441 1.8725115 1.8390846 1.8790235 1.8790235 1.9214746 0.2424253 0.0069816 0.0069686 0.0000000 0.0023184 0.0023184 0.0046410 1.1203001 1.1152534 1.1152534 1.1018366 1.1778866 1.1590652 1.1257580 1.1382573 2.4022968 2.0056415 2.0056415 1.7944737 1.7944737 1.7836671 
Q3YZ15-O_Shigella-G_hcaE-T_BLAST            4.4738798 4.1229380 3.1212481 3.1212481 3.2239289 3.3556707 2.8097942 2.8277139 2.7720536 2.8911024 2.9110336 2.7967932 3.1807931 2.8197865 2.6333590 2.6901310 2.6849094 1.8691569 1.8837891 1.8500451 1.8904300 1.8904300 1.9331741 0.2415666 0.0046456 0.0046369 0.0023184 0.0000000 0.0000010 0.0023161 1.1100729 1.1048472 1.1048472 1.0915775 1.1668198 1.1481245 1.1154321 1.1276043 2.3947517 1.9991376 1.9991376 1.7859462 1.7859462 1.7751972 
P0ABR5-O_Escherichia-G_hcaE-T_BLAST         4.4738798 4.1229380 3.1212481 3.1212481 3.2239289 3.3556707 2.8097942 2.8277139 2.7720536 2.8911024 2.9110336 2.7967932 3.1807931 2.8197865 2.6333590 2.6901310 2.6849094 1.8691569 1.8837891 1.8500451 1.8904300 1.8904300 1.9331741 0.2415666 0.0046456 0.0046369 0.0023184 0.0000010 0.0000000 0.0023161 1.1100729 1.1048472 1.1048472 1.0915775 1.1668198 1.1481245 1.1154321 1.1276043 2.3947517 1.9991376 1.9991376 1.7859462 1.7859462 1.7751972 
A8A344-O_Escherichia-G_hcaE-T_BLAST         4.5144660 4.1574121 3.1179909 3.1179909 3.2207123 3.3523460 2.8044258 2.8225763 2.7535540 2.8720127 2.8915538 2.7752948 3.2045422 2.8392787 2.6513549 2.6702060 2.6650324 1.8674332 1.8820548 1.8483515 1.8886774 1.8886774 1.9313874 0.2445952 0.0069745 0.0069615 0.0046410 0.0023161 0.0023161 0.0000000 1.1166078 1.1115032 1.1115032 1.0981579 1.1738110 1.1550610 1.1220227 1.1343863 2.4094968 2.0114204 2.0114204 1.7964552 1.7964552 1.7856427 
Q53122-O_Rhodococcus-G_bphA1-T_BLAST        5.0944095 4.0699821 3.1250585 3.1250585 3.1545866 3.2917947 2.8426784 2.9409885 2.9877514 2.7008456 3.0141882 2.7748154 2.9408945 2.7484480 2.7746312 2.7580679 2.7572334 2.1386739 2.0674378 2.0313175 2.0573517 2.0573517 2.1095637 1.1291422 1.1131676 1.1041641 1.1203001 1.1100729 1.1100729 1.1166078 0.0000000 0.3075659 0.3075659 0.3377183 0.4896983 0.4888539 0.5076649 0.5265076 2.1632311 1.9539460 1.9539460 1.7564779 1.7564779 1.7330349 
P0C618-O_Pseudomonas-G_bnzA-T_BLAST         5.0688139 4.0992037 3.0659358 3.0659358 3.0642619 3.1894066 2.8720602 2.9382934 3.0577991 2.7743272 2.9443873 2.8599369 2.9381735 2.6945143 2.8387722 3.0014799 2.9442548 2.1105559 2.0493855 1.9792229 2.0240503 2.0240503 2.0616197 1.1388802 1.1080012 1.0988291 1.1152534 1.1048472 1.1048472 1.1115032 0.3075659 0.0000000 0.0000010 0.0867591 0.5497287 0.5334680 0.5066461 0.5562914 2.2186232 1.9652245 1.9652245 1.8152623 1.8152623 1.8025574 
A5W4F2-O_Pseudomonas-G_bnzA-T_BLAST         5.0688139 4.0992037 3.0659358 3.0659358 3.0642619 3.1894066 2.8720602 2.9382934 3.0577991 2.7743272 2.9443873 2.8599369 2.9381735 2.6945143 2.8387722 3.0014799 2.9442548 2.1105559 2.0493855 1.9792229 2.0240503 2.0240503 2.0616197 1.1388802 1.1080012 1.0988291 1.1152534 1.1048472 1.1048472 1.1115032 0.3075659 0.0000010 0.0000000 0.0867591 0.5497287 0.5334680 0.5066461 0.5562914 2.2186232 1.9652245 1.9652245 1.8152623 1.8152623 1.8025574 
Q07944-O_Pseudomonas-G_bedC1-T_BLAST        5.1028161 4.1510840 3.0843184 3.0843184 3.0965137 3.2128742 2.9617293 2.9312886 3.0311418 2.7232759 2.8996339 2.8318010 2.9303629 2.7681363 2.8063447 3.0032835 2.9422115 2.1402663 2.0870741 1.9992353 2.0655101 2.0655101 2.1015334 1.1353124 1.0947008 1.0856272 1.1018366 1.0915775 1.0915775 1.0981579 0.3377183 0.0867591 0.0867591 0.0000000 0.5549143 0.5405774 0.5163859 0.5448109 2.2576912 1.9382877 1.9382877 1.7551619 1.7551619 1.7435360 
P37333-O_Paraburkholderia-G_bphA-T_BLAST    5.7239221 4.1832921 2.9196717 2.9196717 3.4348873 3.4956539 3.0882286 2.9840121 3.0171233 2.6222918 2.8708172 2.8510168 3.0372942 2.9094472 3.0019632 3.0213909 3.0065812 2.2311733 2.1419657 2.0744848 2.1856131 2.1856131 2.1741925 1.2150156 1.1741958 1.1645727 1.1778866 1.1668198 1.1668198 1.1738110 0.4896983 0.5497287 0.5497287 0.5549143 0.0000000 0.0450832 0.3207524 0.3344040 2.3343787 2.0706308 2.0706308 1.9034924 1.9034924 1.8850031 
Q52028-O_Pseudomonas-G_bphA-T_BLAST         5.6345526 4.1551328 2.8706315 2.8706315 3.3998296 3.4431026 3.0812145 2.9797608 3.0304270 2.6962585 2.9496488 2.8495017 2.9652255 2.8867126 2.9650752 2.9707188 2.9646585 2.2159981 2.1316525 2.0646878 2.1751040 2.1751040 2.1637853 1.2020772 1.1554541 1.1458959 1.1590652 1.1481245 1.1481245 1.1550610 0.4888539 0.5334680 0.5334680 0.5405774 0.0450832 0.0000000 0.2996237 0.3072488 2.3633199 2.1036607 2.1036607 1.9413250 1.9413250 1.9224266 
Q46372-O_Comamonas-G_bphA-T_BLAST           5.3203302 4.2765879 2.9254679 2.9254679 3.2957374 3.2899880 3.2083753 3.2254098 3.2008858 2.8720918 3.2618985 2.6281371 2.8666474 2.7869933 2.8498549 2.9317093 2.8942341 2.2233174 2.1382364 2.0434323 2.1621810 2.1621810 2.1586479 1.1966134 1.1266662 1.1175386 1.1257580 1.1154321 1.1154321 1.1220227 0.5076649 0.5066461 0.5066461 0.5163859 0.3207524 0.2996237 0.0000000 0.2158080 2.4737453 2.1266419 2.1266419 1.9276565 1.9276565 1.9122286 
Q52438-O_Pseudomonas-G_bphA1-T_BLAST        5.3853527 4.2240648 3.1164139 3.1164139 3.3164135 3.3801141 3.0736749 2.9921388 3.2206084 2.7835574 3.0917249 2.5896259 2.8409976 2.6956622 2.7692852 2.9143040 2.9081891 2.1621142 2.0902928 2.0543343 2.1569066 2.1569066 2.1512854 1.2191428 1.1307997 1.1297794 1.1382573 1.1276043 1.1276043 1.1343863 0.5265076 0.5562914 0.5562914 0.5448109 0.3344040 0.3072488 0.2158080 0.0000000 2.4921078 2.1190076 2.1190076 1.9841205 1.9841205 1.9600161 
Q0KJ72-O_Novosphingobium-G_dbfA1-T_Query    4.9580226 5.1402127 4.0132997 4.0132997 3.7736171 4.0197788 2.8303184 3.2795469 3.2346837 2.9328384 3.1469915 3.3182244 3.8154429 3.2673830 3.2705739 3.2527924 3.2074851 2.4136445 2.4453864 2.3990752 2.4054037 2.4054037 2.4109711 2.3401183 2.3933414 2.4045668 2.4022968 2.3947517 2.3947517 2.4094968 2.1632311 2.2186232 2.2186232 2.2576912 2.3343787 2.3633199 2.4737453 2.4921078 0.0000000 1.8593544 1.8593544 1.7336724 1.7336724 1.7336069 
ALS21084.1-O_Paenibacillus-NCBI             5.0177748 4.9649651 3.1565496 3.1565496 3.3813711 3.5074057 2.9748495 3.1975025 3.2991381 3.1789511 3.3867356 2.9701683 3.2006591 3.0746997 2.8890592 3.3964914 3.2950691 2.3648490 2.3668053 2.3049120 2.3270973 2.3270973 2.3945791 2.0348864 2.0062690 1.9984788 2.0056415 1.9991376 1.9991376 2.0114204 1.9539460 1.9652245 1.9652245 1.9382877 2.0706308 2.1036607 2.1266419 2.1190076 1.8593544 0.0000000 0.0000010 0.7742125 0.7742125 0.7892123 
Q2WGA2-O_Paenibacillus-G_dbfA1-T_Query      5.0177748 4.9649651 3.1565496 3.1565496 3.3813711 3.5074057 2.9748495 3.1975025 3.2991381 3.1789511 3.3867356 2.9701683 3.2006591 3.0746997 2.8890592 3.3964914 3.2950691 2.3648490 2.3668053 2.3049120 2.3270973 2.3270973 2.3945791 2.0348864 2.0062690 1.9984788 2.0056415 1.9991376 1.9991376 2.0114204 1.9539460 1.9652245 1.9652245 1.9382877 2.0706308 2.1036607 2.1266419 2.1190076 1.8593544 0.0000010 0.0000000 0.7742125 0.7742125 0.7892123 
B2MV36-O_Rhodococcus-G_dbfA1-T_Query        4.8174487 5.4099532 3.3833601 3.3833601 3.2969864 3.4874102 2.8806743 3.1749256 3.0705626 3.0378956 3.2056600 2.7584484 3.3655181 3.2609295 2.7266294 3.5211218 3.3845290 2.0626529 2.0064218 1.9564870 1.9917784 1.9917784 2.0278786 1.7821214 1.7863072 1.7792036 1.7944737 1.7859462 1.7859462 1.7964552 1.7564779 1.8152623 1.8152623 1.7551619 1.9034924 1.9413250 1.9276565 1.9841205 1.7336724 0.7742125 0.7742125 0.0000000 0.0000010 0.0143989 
G8GV17-O_Rhodococcus-G_dbfA1-T_Query        4.8174487 5.4099532 3.3833601 3.3833601 3.2969864 3.4874102 2.8806743 3.1749256 3.0705626 3.0378956 3.2056600 2.7584484 3.3655181 3.2609295 2.7266294 3.5211218 3.3845290 2.0626529 2.0064218 1.9564870 1.9917784 1.9917784 2.0278786 1.7821214 1.7863072 1.7792036 1.7944737 1.7859462 1.7859462 1.7964552 1.7564779 1.8152623 1.8152623 1.7551619 1.9034924 1.9413250 1.9276565 1.9841205 1.7336724 0.7742125 0.7742125 0.0000010 0.0000000 0.0143989 
Q93UV3-O_Terrabacter-G_DbfA1-T_Query        4.7756066 5.3668209 3.3921303 3.3921303 3.2983115 3.4698737 2.8979848 3.1385661 3.0542027 3.0303590 3.1986103 2.7710070 3.3523542 3.2608673 2.7212598 3.5188643 3.4061141 2.0613888 1.9979412 1.9478011 1.9880518 1.9880518 2.0187069 1.7713070 1.7755646 1.7684804 1.7836671 1.7751972 1.7751972 1.7856427 1.7330349 1.8025574 1.8025574 1.7435360 1.8850031 1.9224266 1.9122286 1.9600161 1.7336069 0.7892123 0.7892123 0.0143989 0.0143989 0.0000000 
