56
A0A285B961-O_Klebsiella-G_cymA-T_Query      0.0000000 0.0000010 8.9999987 8.9999987 7.2030836 8.9999985 8.9999987 8.4303850 8.6050267 8.9999985 8.9999988 6.9656863 7.4692929 7.7083609 7.6987001 8.3520333 8.6732550 7.7725929 7.5912027 8.0421246 7.9676924 7.4385305 7.3236417 7.8133627 8.3394398 7.9672999 4.8809731 5.0030116 5.2785074 5.1310061 5.1108037 5.1143643 5.9542027 5.2497931 5.2657772 4.9200769 5.0109906 5.0927031 5.1207228 4.7503423 4.7669274 4.7669274 4.7760267 4.8463782 4.8767973 4.8767973 4.7524571 7.0776294 7.9915316 8.9115900 7.7233196 7.7233196 7.0090547 7.1185461 8.1466651 7.9024509 
Q48391-O_Klebsiella-G_cymA-T_Query          0.0000010 0.0000000 8.9999987 8.9999987 7.2030836 8.9999985 8.9999987 8.4303850 8.6050267 8.9999985 8.9999988 6.9656863 7.4692929 7.7083609 7.6987001 8.3520333 8.6732550 7.7725929 7.5912027 8.0421246 7.9676924 7.4385305 7.3236417 7.8133627 8.3394398 7.9672999 4.8809731 5.0030116 5.2785074 5.1310061 5.1108037 5.1143643 5.9542027 5.2497931 5.2657772 4.9200769 5.0109906 5.0927031 5.1207228 4.7503423 4.7669274 4.7669274 4.7760267 4.8463782 4.8767973 4.8767973 4.7524571 7.0776294 7.9915316 8.9115900 7.7233196 7.7233196 7.0090547 7.1185461 8.1466651 7.9024509 
P95832-O_Shewanella-G_cymA-T_Query          8.9999987 8.9999987 0.0000000 0.0000010 5.2504387 6.1426108 6.5985261 6.3605008 6.0079832 7.3571527 6.5935101 4.5104073 6.7219826 5.8833550 5.8833550 6.0844323 4.7746659 6.1358354 5.2042720 5.9142437 5.3019616 5.8017308 5.7715340 6.5889429 8.9999986 7.0393037 5.4253451 5.4022566 4.9091857 4.8577053 4.7302724 4.7653650 5.4582665 4.3736257 4.8158219 5.0511572 4.6405830 4.5376961 4.6669527 5.0218741 5.0363547 5.0363547 5.1052107 5.0542930 5.0177727 5.0177727 5.1500271 5.6556490 6.4195931 6.3516940 6.6169832 6.6169832 5.5826395 5.5966546 5.9864248 5.8978564 
Q8E8S0-O_Shewanella-G_cymA-T_Query          8.9999987 8.9999987 0.0000010 0.0000000 5.2504387 6.1426108 6.5985261 6.3605008 6.0079832 7.3571527 6.5935101 4.5104073 6.7219826 5.8833550 5.8833550 6.0844323 4.7746659 6.1358354 5.2042720 5.9142437 5.3019616 5.8017308 5.7715340 6.5889429 8.9999986 7.0393037 5.4253451 5.4022566 4.9091857 4.8577053 4.7302724 4.7653650 5.4582665 4.3736257 4.8158219 5.0511572 4.6405830 4.5376961 4.6669527 5.0218741 5.0363547 5.0363547 5.1052107 5.0542930 5.0177727 5.0177727 5.1500271 5.6556490 6.4195931 6.3516940 6.6169832 6.6169832 5.5826395 5.5966546 5.9864248 5.8978564 
P24273-O_Aliivibrio-G_luxG-T_BLAST          7.2030836 7.2030836 5.2504387 5.2504387 0.0000000 1.2445134 1.1683165 2.6434612 2.6494004 3.5930010 3.9300700 3.1199408 2.2842646 2.1890099 2.1890099 2.8091067 3.2324973 3.5166794 3.3110375 2.9958672 3.3783474 3.1646813 3.2722417 3.0510841 4.9043530 3.7455780 3.6009165 3.7158651 3.2646709 3.3229245 3.3278351 3.3344390 3.4835858 3.2882015 3.3935797 3.3960978 3.3627079 3.4026851 3.3890032 3.1969668 3.4067953 3.4067953 3.2481666 3.2493418 3.3764047 3.3764047 3.4210436 2.6398600 2.7019221 3.0093492 2.5673655 2.5673655 3.1383017 2.8653417 2.7607761 2.6348640 
P43126-O_Aliivibrio-G_fre-T_BLAST           8.9999985 8.9999985 6.1426108 6.1426108 1.2445134 0.0000000 0.3601904 2.4219094 2.4526484 2.9425491 3.5050804 3.1065079 2.2027353 2.4321738 2.4381921 2.7526841 3.3123995 3.1702365 3.2646004 2.5766704 2.9449327 2.8882892 2.9897669 3.1084592 4.0728485 3.9680320 3.5958835 3.6271163 3.4439393 3.4365546 3.4086740 3.4293426 3.3623814 2.8503092 3.2720293 3.4306133 3.4049587 3.2556257 3.2875409 3.3110466 3.3983821 3.3983821 3.4161929 3.4021340 3.5023335 3.5023335 3.4482840 2.6164035 2.6675940 3.0302645 2.5939998 2.5939998 2.8937875 2.9075436 2.5085099 2.9240754 
P43127-O_Vibrio-G_fre-T_BLAST               8.9999987 8.9999987 6.5985261 6.5985261 1.1683165 0.3601904 0.0000000 2.7114242 2.7720593 3.1589564 3.6562846 3.3578225 2.2046338 2.3980544 2.4038520 2.9062079 3.3085767 3.2855621 3.4006704 2.7207190 3.0663718 2.8951846 2.9904466 3.1241827 4.4804559 4.0263489 3.7035626 3.6643133 3.6965689 3.7100633 3.7396146 3.7622246 3.8441357 3.3825808 3.5139834 3.7351948 3.6811082 3.5918033 3.6015405 3.5485124 3.7590343 3.7590343 3.7444034 3.7288114 3.7737371 3.7737371 3.6515584 2.8205395 2.8326016 3.2063063 2.8380200 2.8380200 3.1559367 2.8173107 2.6965707 2.8431543 
Q3C1E0-O_Comamonas-G_tphA1I-T_BLAST         8.4303850 8.4303850 6.3605008 6.3605008 2.6434612 2.4219094 2.7114242 0.0000000 0.0517064 2.5630488 3.0499364 2.7126024 2.0220512 2.0801810 2.0718930 2.7725415 2.7615616 2.6312948 2.7601382 2.5534045 2.8097071 2.5480712 2.6128539 3.0087402 3.3999871 3.1252638 2.8880752 2.8756724 2.9250425 2.8961685 2.9055537 2.9095041 2.9181331 2.6623067 2.8680958 2.8188480 2.8434275 2.8521391 2.8997334 2.9158412 2.9277827 2.9277827 2.8480180 2.8828581 2.9476585 2.9476585 2.9705514 2.3132413 2.5678319 3.0516702 2.5605780 2.5605780 2.3312815 2.6738961 2.2778679 2.4229434 
Q3C1D2-O_Comamonas-G_tphA1II-T_BLAST        8.6050267 8.6050267 6.0079832 6.0079832 2.6494004 2.4526484 2.7720593 0.0517064 0.0000000 2.5743669 3.1499971 2.7259468 1.9955375 2.0679177 2.0595705 2.7402410 2.8434719 2.6806675 2.7995510 2.5771799 2.8093673 2.5516079 2.6169496 3.0358103 3.4795993 3.2232339 2.9004207 2.8851655 2.9795636 2.9359815 2.9454913 2.9495007 2.9224094 2.6779215 2.8343754 2.8533997 2.8434213 2.8524952 2.9041840 2.9043061 2.9285160 2.9285160 2.8593730 2.8875452 2.9348494 2.9348494 2.9527471 2.3446200 2.6411499 3.0767592 2.5241569 2.5241569 2.3301800 2.6361753 2.3100383 2.4631382 
Q03304-O_Pseudomonas-G_tmoF-T_BLAST         8.9999985 8.9999985 7.3571527 7.3571527 3.5930010 2.9425491 3.1589564 2.5630488 2.5743669 0.0000000 1.9980476 2.1364999 2.6287029 2.8605681 2.8655651 2.5879598 2.7433666 2.7300179 2.6226511 2.6854340 2.9091869 2.7878983 2.7678506 2.8352530 3.7858715 2.8839307 2.9905551 3.0317056 3.1579586 3.0984428 3.0741672 3.0765345 2.9178639 2.9284143 3.0129914 2.9309233 3.1141394 3.2294032 3.2069032 3.0325591 3.0773244 3.0773244 3.0464922 3.0336019 3.1114404 3.1114404 3.0972799 2.9576267 2.8550030 3.2311167 2.5681302 2.5681302 2.3666441 2.7821795 2.4276568 2.5268553 
Q8GI14-O_Pseudomonas-G_carAd-T_BLAST        8.9999988 8.9999988 6.5935101 6.5935101 3.9300700 3.5050804 3.6562846 3.0499364 3.1499971 1.9980476 0.0000000 2.0919816 3.0545059 3.3069597 3.3127624 3.1426332 3.6850505 3.1877616 2.9946849 3.0049040 2.9003563 2.7964060 2.7819576 3.1242414 3.7628038 2.4438426 2.7617602 2.7436597 2.7166373 2.6750006 2.6569400 2.6433293 2.7413036 2.7436364 2.8150916 2.6297916 2.8243252 2.9476894 2.9161576 2.8225915 3.0101519 3.0101519 3.1061842 3.0061804 2.9965778 2.9965778 2.9831085 2.4625347 2.8604281 3.3038728 2.3573458 2.3573458 2.2834390 2.8059492 2.8799654 3.1703830 
A7IPX7-O_Xanthobacter-G_xamoF-T_BLAST       6.9656863 6.9656863 4.5104073 4.5104073 3.1199408 3.1065079 3.3578225 2.7126024 2.7259468 2.1364999 2.0919816 0.0000000 2.8661731 2.8169457 2.8218869 2.8126007 3.0409328 2.8463865 2.6266056 2.4637423 2.7312139 2.7848265 2.6647072 2.7739867 3.2733305 2.3109624 3.0333204 3.1007644 2.9329381 2.9649954 2.9774766 2.9587994 2.9366433 2.8973001 3.0231021 3.0686243 3.1791806 3.2145125 3.2532343 3.0485355 3.0613367 3.0613367 3.0909831 3.0761810 3.0917491 3.0917491 3.1098773 2.4978209 2.7004038 2.8408106 2.6252692 2.6252692 2.6846423 2.5499520 2.7715492 2.7140083 
P26395-O_Salmonella-G_rfbI-T_BLAST          7.4692929 7.4692929 6.7219826 6.7219826 2.2842646 2.2027353 2.2046338 2.0220512 1.9955375 2.6287029 3.0545059 2.8661731 0.0000000 1.0029746 0.9970067 2.3343356 2.6470771 3.0425187 2.6371649 2.7446415 2.8434552 2.4941576 2.5642575 2.6790790 3.4556471 3.2307776 3.1202228 3.0810795 2.8287784 2.9807056 2.9707509 2.9726959 3.0487046 2.5473759 2.9607836 2.8441670 2.8566174 2.9251784 2.8088421 2.8914508 2.9290464 2.9290464 2.9065289 2.9099458 2.9414807 2.9414807 3.0049088 2.7096289 2.6596242 3.0673389 2.5873481 2.5873481 2.5528159 2.6827315 2.2351933 2.4182103 
P68641-O_Yersinia-G_ascD-T_BLAST            7.7083609 7.7083609 5.8833550 5.8833550 2.1890099 2.4321738 2.3980544 2.0801810 2.0679177 2.8605681 3.3069597 2.8169457 1.0029746 0.0000000 0.0030035 2.3526534 2.4721746 2.5967039 2.4052282 2.5458624 2.6308698 2.7321468 2.6587432 2.7817044 3.3141814 3.3336431 2.9122685 2.9771984 2.8041669 2.6635881 2.6643055 2.6643389 2.7697548 2.4500628 2.9673047 2.9896113 3.1225169 3.0469319 2.9138603 2.8203622 2.8971202 2.8971202 2.9189603 2.9219023 2.9705751 2.9705751 2.9752055 2.7828955 2.7051264 3.0670867 2.4657336 2.4657336 2.6879374 2.4279996 2.1349329 2.1260500 
Q66DP5-O_Yersinia-G_ascD-T_BLAST            7.6987001 7.6987001 5.8833550 5.8833550 2.1890099 2.4381921 2.4038520 2.0718930 2.0595705 2.8655651 3.3127624 2.8218869 0.9970067 0.0030035 0.0000000 2.3442542 2.4646400 2.6011502 2.4092223 2.5496238 2.6346988 2.7300052 2.6566853 2.7724636 3.3032237 3.3395006 2.9027641 2.9675970 2.7947051 2.6544763 2.6552053 2.6552361 2.7604474 2.4476077 2.9575904 2.9871534 3.1198828 3.0443764 2.9114287 2.8180622 2.8947318 2.8947318 2.9165715 2.9195065 2.9681190 2.9681190 2.9727404 2.7768302 2.6956483 3.0567273 2.4699347 2.4699347 2.6924856 2.4361996 2.1386230 2.1296910 
O85675-O_Acinetobacter-G_antC-T_BLAST       8.3520333 8.3520333 6.0844323 6.0844323 2.8091067 2.7526841 2.9062079 2.7725415 2.7402410 2.5879598 3.1426332 2.8126007 2.3343356 2.3526534 2.3442542 0.0000000 1.5564991 1.6324941 1.3809092 2.2347664 2.4318995 2.2180728 2.2309394 2.1721937 2.7533017 3.0544984 3.2553717 3.1927537 3.0276715 3.1065540 3.0958235 3.1020360 3.3283431 2.9349012 2.9708692 3.0581105 3.2164618 3.1069494 3.0893042 3.0147477 3.1615469 3.1615469 3.0523740 3.0525700 3.1996124 3.1996124 3.1951560 2.7354573 2.6988204 3.2757857 2.5913662 2.5913662 2.5606748 2.5199252 2.3361195 2.3592596 
Q51603-O_Burkholderia-G_cbdC-T_BLAST        8.6732550 8.6732550 4.7746659 4.7746659 3.2324973 3.3123995 3.3085767 2.7615616 2.8434719 2.7433666 3.6850505 3.0409328 2.6470771 2.4721746 2.4646400 1.5564991 0.0000000 1.0546780 1.1324393 2.3677882 2.3364837 2.3019813 2.2877482 2.2429671 2.8900218 3.0720654 3.5132230 3.5499050 3.4651769 3.4095204 3.4419184 3.4464011 3.8217515 3.1760139 3.3728018 3.3614831 3.4786659 3.4478347 3.3447549 3.2328354 3.3619926 3.3619926 3.3960962 3.3705208 3.3709892 3.3709892 3.3277325 2.9298451 2.7958227 3.0696726 2.6570967 2.6570967 2.6597888 2.5734073 2.8608861 2.7611017 
P07771-O_Acinetobacter-G_benC-T_BLAST       7.7725929 7.7725929 6.1358354 6.1358354 3.5166794 3.1702365 3.2855621 2.6312948 2.6806675 2.7300179 3.1877616 2.8463865 3.0425187 2.5967039 2.6011502 1.6324941 1.0546780 0.0000000 0.8911438 2.3026200 2.5901598 2.3608806 2.2878261 2.3132418 2.5963954 2.9984388 2.9748916 2.9230996 2.7557817 2.7758180 2.7796952 2.7760895 3.0700540 2.6557821 2.7248322 2.8919725 2.8484376 2.9316923 2.8608170 2.7421888 2.9012379 2.9012379 2.8787465 2.8264471 2.8549821 2.8549821 2.8573659 2.4852524 2.5355390 2.7927767 2.4589817 2.4589817 2.5665205 2.6015473 2.5321034 2.5483191 
P23101-O_Pseudomonas-G_xylZ-T_BLAST         7.5912027 7.5912027 5.2042720 5.2042720 3.3110375 3.2646004 3.4006704 2.7601382 2.7995510 2.6226511 2.9946849 2.6266056 2.6371649 2.4052282 2.4092223 1.3809092 1.1324393 0.8911438 0.0000000 2.1251509 2.0563192 2.0296062 2.0888111 2.1671705 2.5816212 2.7312058 3.0266167 3.0798199 2.8688910 2.9687640 2.9600269 2.9686004 3.1039855 2.8584481 2.9641381 2.9510285 2.9760852 3.0274566 2.9612128 2.8795480 3.0397826 3.0397826 2.9650043 2.9397296 3.0124664 3.0124664 2.9742209 2.4518247 2.2446465 2.5299514 2.5199571 2.5199571 2.4365078 2.4136352 2.3873438 2.1368052 
Q768T4-O_Gordonia-G_prmB-T_BLAST            8.0421246 8.0421246 5.9142437 5.9142437 2.9958672 2.5766704 2.7207190 2.5534045 2.5771799 2.6854340 3.0049040 2.4637423 2.7446415 2.5458624 2.5496238 2.2347664 2.3677882 2.3026200 2.1251509 0.0000000 0.4581692 0.5080248 0.4796893 2.0259503 2.8465584 2.5804224 3.3345058 3.3029917 3.0111959 3.1721490 3.1183088 3.1257081 3.4746746 3.0108443 3.2102123 3.1526587 3.2046691 3.1889304 3.2268221 3.0636871 3.3227644 3.3227644 3.1651319 3.1844673 3.2988928 3.2988928 3.3111431 2.5411850 2.4057844 2.6468319 2.2544262 2.2544262 2.6159888 2.3796764 2.2931457 2.1957885 
Q0SJK8-O_Rhodococcus-G_prmB-T_BLAST         7.9676924 7.9676924 5.3019616 5.3019616 3.3783474 2.9449327 3.0663718 2.8097071 2.8093673 2.9091869 2.9003563 2.7312139 2.8434552 2.6308698 2.6346988 2.4318995 2.3364837 2.5901598 2.0563192 0.4581692 0.0000000 0.3528926 0.3454363 2.0112084 3.0380641 2.8764216 3.3522096 3.3981618 3.3593537 3.3722356 3.3782980 3.3858579 3.6307544 2.9777544 3.3796395 3.4391401 3.4486095 3.4446595 3.4351834 3.3691384 3.4376479 3.4376479 3.4084420 3.4491133 3.5067117 3.5067117 3.4341131 2.5987501 2.5157875 2.7631326 2.5758196 2.5758196 2.7733224 2.6705753 2.2761870 2.2641167 
A0QTU9-O_Mycolicibacterium-G_mimB-T_BLAST   7.4385305 7.4385305 5.8017308 5.8017308 3.1646813 2.8882892 2.8951846 2.5480712 2.5516079 2.7878983 2.7964060 2.7848265 2.4941576 2.7321468 2.7300052 2.2180728 2.3019813 2.3608806 2.0296062 0.5080248 0.3528926 0.0000000 0.0654341 2.1029536 2.9166747 2.6346336 3.0929460 3.1338489 3.0035026 3.0152080 3.0323381 3.0382632 3.4400198 2.9345093 3.2294090 3.1831369 3.1696850 3.0936121 3.1314901 3.0048801 3.3323291 3.3323291 3.2556677 3.2964766 3.3480960 3.3480960 3.3037635 2.4788963 2.4715651 2.6806649 2.2885502 2.2885502 2.5166266 2.6250355 2.3060826 2.0904089 
E9RFT0-O_Mycobacterium-G_mimB-T_BLAST       7.3236417 7.3236417 5.7715340 5.7715340 3.2722417 2.9897669 2.9904466 2.6128539 2.6169496 2.7678506 2.7819576 2.6647072 2.5642575 2.6587432 2.6566853 2.2309394 2.2877482 2.2878261 2.0888111 0.4796893 0.3454363 0.0654341 0.0000000 2.0778929 2.8867902 2.6706397 2.9633531 3.0117537 3.0257247 2.9997263 3.0013078 3.0071589 3.4638719 2.8830467 3.1798885 3.0792931 3.1315460 3.0851421 3.0423745 2.9197653 3.2821624 3.2821624 3.1564789 3.1955004 3.2790357 3.2790357 3.2520734 2.4377415 2.4818865 2.6424928 2.2964305 2.2964305 2.5734502 2.6260651 2.2269508 2.1343882 
P22868-O_Methylococcus-G_mmoC-T_BLAST       7.8133627 7.8133627 6.5889429 6.5889429 3.0510841 3.1084592 3.1241827 3.0087402 3.0358103 2.8352530 3.1242414 2.7739867 2.6790790 2.7817044 2.7724636 2.1721937 2.2429671 2.3132418 2.1671705 2.0259503 2.0112084 2.1029536 2.0778929 0.0000000 1.3824994 3.2511629 2.9518525 2.9421608 2.9253602 2.9857875 2.9670280 2.9780012 3.2693548 2.6981433 2.7495654 2.9478426 2.9610338 3.1194991 3.0508547 3.0208631 3.0326718 3.0326718 2.8869362 2.9489733 2.9579032 2.9579032 2.9350604 2.8125614 2.7632398 3.1243742 2.6417928 2.6417928 2.6239842 2.5247453 2.8681689 2.8347247 
Q53563-O_Methylosinus-G_mmoC-T_BLAST        8.3394398 8.3394398 8.9999986 8.9999986 4.9043530 4.0728485 4.4804559 3.3999871 3.4795993 3.7858715 3.7628038 3.2733305 3.4556471 3.3141814 3.3032237 2.7533017 2.8900218 2.5963954 2.5816212 2.8465584 3.0380641 2.9166747 2.8867902 1.3824994 0.0000000 3.8830276 3.3547817 3.3729502 3.4937951 3.3337034 3.3833949 3.3631283 3.5326800 2.8786542 3.3543322 3.3775566 3.3916850 3.5443013 3.4694132 3.2880119 3.4387538 3.4387538 3.2262669 3.2871711 3.4482716 3.4482716 3.3988374 3.4577518 3.5272636 3.5377173 3.2192015 3.2192015 3.3335096 3.2292214 3.0842576 3.0646866 
Q9X406-O_Methylosulfonomonas-G_msmD-T_BLAST 7.9672999 7.9672999 7.0393037 7.0393037 3.7455780 3.9680320 4.0263489 3.1252638 3.2232339 2.8839307 2.4438426 2.3109624 3.2307776 3.3336431 3.3395006 3.0544984 3.0720654 2.9984388 2.7312058 2.5804224 2.8764216 2.6346336 2.6706397 3.2511629 3.8830276 0.0000000 3.4129298 3.4648297 2.9569353 2.8719912 2.8962957 2.9030868 3.0349683 3.0018986 3.1060686 3.2397578 3.3982707 3.3788687 3.4314944 3.2837227 3.2563171 3.2563171 3.2358472 3.2017844 3.3017790 3.3017790 3.2624983 2.5239669 2.5419046 2.9610844 2.5900288 2.5900288 2.6181772 2.3019157 2.6208534 2.4186502 
Q4FPV2-O_Psychrobacter-G_nqrF-T_BLAST       4.8809731 4.8809731 5.4253451 5.4253451 3.6009165 3.5958835 3.7035626 2.8880752 2.9004207 2.9905551 2.7617602 3.0333204 3.1202228 2.9122685 2.9027641 3.2553717 3.5132230 2.9748916 3.0266167 3.3345058 3.3522096 3.0929460 2.9633531 2.9518525 3.3547817 3.4129298 0.0000000 0.0308935 0.4045771 0.4225077 0.4193548 0.4154015 0.6429850 0.5130886 0.5273613 0.5358056 0.5049516 0.5001694 0.5203164 0.5387125 0.4941176 0.4941176 0.5098841 0.5134985 0.5201807 0.5201807 0.4982844 2.5979181 2.8162517 3.0395719 2.9935856 2.9935856 2.6612757 2.6488537 2.0896891 2.2435028 
Q1Q7Z7-O_Psychrobacter-G_nqrF-T_BLAST       5.0030116 5.0030116 5.4022566 5.4022566 3.7158651 3.6271163 3.6643133 2.8756724 2.8851655 3.0317056 2.7436597 3.1007644 3.0810795 2.9771984 2.9675970 3.1927537 3.5499050 2.9230996 3.0798199 3.3029917 3.3981618 3.1338489 3.0117537 2.9421608 3.3729502 3.4648297 0.0308935 0.0000000 0.3965740 0.4271353 0.4239296 0.4199334 0.6503159 0.5209607 0.5189208 0.5328699 0.4941016 0.4992573 0.5184451 0.5538326 0.4913888 0.4913888 0.4983188 0.4968150 0.5033664 0.5033664 0.4866789 2.6432247 2.8661766 3.0728020 3.1317321 3.1317321 2.7294612 2.6795483 2.1372480 2.3009264 
A6VW13-O_Marinomonas-G_nqrF-T_BLAST         5.2785074 5.2785074 4.9091857 4.9091857 3.2646709 3.4439393 3.6965689 2.9250425 2.9795636 3.1579586 2.7166373 2.9329381 2.8287784 2.8041669 2.7947051 3.0276715 3.4651769 2.7557817 2.8688910 3.0111959 3.3593537 3.0035026 3.0257247 2.9253602 3.4937951 2.9569353 0.4045771 0.3965740 0.0000000 0.2148418 0.2163579 0.2143889 0.4798833 0.4858975 0.4460295 0.4348945 0.4086214 0.4080336 0.4278080 0.4677234 0.4205550 0.4205550 0.4384121 0.4173515 0.4164358 0.4164358 0.4056955 2.5773027 2.8146706 3.1336242 3.1244374 3.1244374 2.5634362 2.5453560 2.2434941 2.3610891 
A6V3A2-O_Pseudomonas-G_nqrF-T_BLAST         5.1310061 5.1310061 4.8577053 4.8577053 3.3229245 3.4365546 3.7100633 2.8961685 2.9359815 3.0984428 2.6750006 2.9649954 2.9807056 2.6635881 2.6544763 3.1065540 3.4095204 2.7758180 2.9687640 3.1721490 3.3722356 3.0152080 2.9997263 2.9857875 3.3337034 2.8719912 0.4225077 0.4271353 0.2148418 0.0000000 0.0128428 0.0076726 0.4488344 0.5256259 0.4948771 0.4676683 0.4465109 0.4248481 0.4467045 0.4915262 0.4719775 0.4719775 0.4999304 0.4746472 0.4720888 0.4720888 0.4488756 2.5286237 2.7370787 3.0217667 3.1367807 3.1367807 2.6545725 2.5391241 2.1420551 2.2347849 
Q02PF8-O_Pseudomonas-G_nqrF-T_BLAST         5.1108037 5.1108037 4.7302724 4.7302724 3.3278351 3.4086740 3.7396146 2.9055537 2.9454913 3.0741672 2.6569400 2.9774766 2.9707509 2.6643055 2.6552053 3.0958235 3.4419184 2.7796952 2.9600269 3.1183088 3.3782980 3.0323381 3.0013078 2.9670280 3.3833949 2.8962957 0.4193548 0.4239296 0.2163579 0.0128428 0.0000000 0.0051114 0.4445070 0.5265149 0.4862954 0.4571074 0.4399759 0.4321370 0.4470388 0.4870143 0.4705187 0.4705187 0.5025748 0.4772411 0.4706152 0.4706152 0.4528225 2.5486693 2.7306781 3.0153076 3.1629393 3.1629393 2.6470957 2.5403927 2.1549036 2.2416672 
Q9HZL1-O_Pseudomonas-G_nqrF-T_BLAST         5.1143643 5.1143643 4.7653650 4.7653650 3.3344390 3.4293426 3.7622246 2.9095041 2.9495007 3.0765345 2.6433293 2.9587994 2.9726959 2.6643389 2.6552361 3.1020360 3.4464011 2.7760895 2.9686004 3.1257081 3.3858579 3.0382632 3.0071589 2.9780012 3.3631283 2.9030868 0.4154015 0.4199334 0.2143889 0.0076726 0.0051114 0.0000000 0.4402270 0.5203179 0.4841536 0.4600365 0.4378591 0.4280708 0.4429095 0.4876261 0.4681343 0.4681343 0.5018709 0.4765225 0.4682068 0.4682068 0.4504547 2.5677753 2.7375968 3.0228158 3.1188418 3.1188418 2.6550878 2.5476308 2.1586672 2.2429577 
Q605A0-O_Methylococcus-G_nqrF-T_BLAST       5.9542027 5.9542027 5.4582665 5.4582665 3.4835858 3.3623814 3.8441357 2.9181331 2.9224094 2.9178639 2.7413036 2.9366433 3.0487046 2.7697548 2.7604474 3.3283431 3.8217515 3.0700540 3.1039855 3.4746746 3.6307544 3.4400198 3.4638719 3.2693548 3.5326800 3.0349683 0.6429850 0.6503159 0.4798833 0.4488344 0.4445070 0.4402270 0.0000000 0.4809892 0.4952558 0.5073583 0.4583267 0.4869501 0.5052027 0.4918002 0.4716909 0.4716909 0.4961083 0.4643399 0.4732780 0.4732780 0.4721019 2.8701518 3.0345665 3.2496674 3.0921035 3.0921035 2.6946997 2.5441523 2.0826919 2.2751721 
Q9LCI7-O_Shewanella-G_nqrF-T_BLAST          5.2497931 5.2497931 4.3736257 4.3736257 3.2882015 2.8503092 3.3825808 2.6623067 2.6779215 2.9284143 2.7436364 2.8973001 2.5473759 2.4500628 2.4476077 2.9349012 3.1760139 2.6557821 2.8584481 3.0108443 2.9777544 2.9345093 2.8830467 2.6981433 2.8786542 3.0018986 0.5130886 0.5209607 0.4858975 0.5256259 0.5265149 0.5203179 0.4809892 0.0000000 0.3628077 0.3474912 0.3246368 0.2788154 0.2772126 0.3007228 0.2540475 0.2540475 0.3006944 0.2801100 0.2706096 0.2706096 0.2825310 2.6473474 2.5801579 2.6018075 2.9004258 2.9004258 2.4140118 2.4550697 1.8847955 2.1787536 
Q5QYQ8-O_Idiomarina-G_nqrF-T_BLAST          5.2657772 5.2657772 4.8158219 4.8158219 3.3935797 3.2720293 3.5139834 2.8680958 2.8343754 3.0129914 2.8150916 3.0231021 2.9607836 2.9673047 2.9575904 2.9708692 3.3728018 2.7248322 2.9641381 3.2102123 3.3796395 3.2294090 3.1798885 2.7495654 3.3543322 3.1060686 0.5273613 0.5189208 0.4460295 0.4948771 0.4862954 0.4841536 0.4952558 0.3628077 0.0000000 0.2284270 0.3307613 0.3593139 0.3764274 0.2731557 0.3290900 0.3290900 0.3390606 0.3172891 0.3194727 0.3194727 0.3141668 2.6898502 2.9281313 3.2312968 3.0044400 3.0044400 2.7848686 2.5361111 2.3023901 2.4296317 
Q15YQ1-O_Pseudoalteromonas-G_nqrF-T_BLAST   4.9200769 4.9200769 5.0511572 5.0511572 3.3960978 3.4306133 3.7351948 2.8188480 2.8533997 2.9309233 2.6297916 3.0686243 2.8441670 2.9896113 2.9871534 3.0581105 3.3614831 2.8919725 2.9510285 3.1526587 3.4391401 3.1831369 3.0792931 2.9478426 3.3775566 3.2397578 0.5358056 0.5328699 0.4348945 0.4676683 0.4571074 0.4600365 0.5073583 0.3474912 0.2284270 0.0000000 0.3259210 0.3466125 0.3545190 0.2219973 0.2675766 0.2675766 0.2797071 0.2595351 0.2733048 0.2733048 0.2613520 2.6237034 2.7934293 3.0842481 3.0967996 3.0967996 2.7141631 2.5826974 2.0742806 2.4405191 
Q0I5Y1-O_Haemophilus-G_nqrF-T_BLAST         5.0109906 5.0109906 4.6405830 4.6405830 3.3627079 3.4049587 3.6811082 2.8434275 2.8434213 3.1141394 2.8243252 3.1791806 2.8566174 3.1225169 3.1198828 3.2164618 3.4786659 2.8484376 2.9760852 3.2046691 3.4486095 3.1696850 3.1315460 2.9610338 3.3916850 3.3982707 0.5049516 0.4941016 0.4086214 0.4465109 0.4399759 0.4378591 0.4583267 0.3246368 0.3307613 0.3259210 0.0000000 0.1135700 0.1239426 0.2970682 0.2528072 0.2528072 0.2517395 0.2364022 0.2439121 0.2439121 0.2459416 2.5236508 2.8551711 3.1310829 3.1152244 3.1152244 2.8378859 2.8264370 2.1438349 2.3416230 
A5UFX3-O_Haemophilus-G_nqrF-T_BLAST         5.0927031 5.0927031 4.5376961 4.5376961 3.4026851 3.2556257 3.5918033 2.8521391 2.8524952 3.2294032 2.9476894 3.2145125 2.9251784 3.0469319 3.0443764 3.1069494 3.4478347 2.9316923 3.0274566 3.1889304 3.4446595 3.0936121 3.0851421 3.1194991 3.5443013 3.3788687 0.5001694 0.4992573 0.4080336 0.4248481 0.4321370 0.4280708 0.4869501 0.2788154 0.3593139 0.3466125 0.1135700 0.0000000 0.1003935 0.3101643 0.2433588 0.2433588 0.2638071 0.2508923 0.2643471 0.2643471 0.2662736 2.5344836 2.8342597 3.1075800 3.1130450 3.1130450 2.8375785 2.7556413 2.1818342 2.4054289 
A3MYM7-O_Actinobacillus-G_nqrF-T_BLAST      5.1207228 5.1207228 4.6669527 4.6669527 3.3890032 3.2875409 3.6015405 2.8997334 2.9041840 3.2069032 2.9161576 3.2532343 2.8088421 2.9138603 2.9114287 3.0893042 3.3447549 2.8608170 2.9612128 3.2268221 3.4351834 3.1314901 3.0423745 3.0508547 3.4694132 3.4314944 0.5203164 0.5184451 0.4278080 0.4467045 0.4470388 0.4429095 0.5052027 0.2772126 0.3764274 0.3545190 0.1239426 0.1003935 0.0000000 0.3086765 0.2332102 0.2332102 0.2651198 0.2450855 0.2452171 0.2452171 0.2471979 2.5383674 2.7754644 3.0413532 3.0623998 3.0623998 2.8834648 2.6587021 2.0966577 2.3398998 
Q12QK1-O_Shewanella-G_nqrF-T_BLAST          4.7503423 4.7503423 5.0218741 5.0218741 3.1969668 3.3110466 3.5485124 2.9158412 2.9043061 3.0325591 2.8225915 3.0485355 2.8914508 2.8203622 2.8180622 3.0147477 3.2328354 2.7421888 2.8795480 3.0636871 3.3691384 3.0048801 2.9197653 3.0208631 3.2880119 3.2837227 0.5387125 0.5538326 0.4677234 0.4915262 0.4870143 0.4876261 0.4918002 0.3007228 0.2731557 0.2219973 0.2970682 0.3101643 0.3086765 0.0000000 0.1999134 0.1999134 0.2322317 0.1993055 0.2017543 0.2017543 0.2007364 2.5869206 2.8170992 3.0870350 3.0594908 3.0594908 2.8242632 2.5544154 2.1167621 2.2871243 
Q9X4Q8-O_Vibrio-G_nqrF-T_BLAST              4.7669274 4.7669274 5.0363547 5.0363547 3.4067953 3.3983821 3.7590343 2.9277827 2.9285160 3.0773244 3.0101519 3.0613367 2.9290464 2.8971202 2.8947318 3.1615469 3.3619926 2.9012379 3.0397826 3.3227644 3.4376479 3.3323291 3.2821624 3.0326718 3.4387538 3.2563171 0.4941176 0.4913888 0.4205550 0.4719775 0.4705187 0.4681343 0.4716909 0.2540475 0.3290900 0.2675766 0.2528072 0.2433588 0.2332102 0.1999134 0.0000000 0.0000010 0.1108542 0.0949094 0.0738306 0.0738306 0.0727849 2.6842946 2.9619163 3.2565019 2.9822107 2.9822107 2.8031247 2.4819657 2.1158846 2.2756868 
A5F5Y4-O_Vibrio-G_nqrF-T_BLAST              4.7669274 4.7669274 5.0363547 5.0363547 3.4067953 3.3983821 3.7590343 2.9277827 2.9285160 3.0773244 3.0101519 3.0613367 2.9290464 2.8971202 2.8947318 3.1615469 3.3619926 2.9012379 3.0397826 3.3227644 3.4376479 3.3323291 3.2821624 3.0326718 3.4387538 3.2563171 0.4941176 0.4913888 0.4205550 0.4719775 0.4705187 0.4681343 0.4716909 0.2540475 0.3290900 0.2675766 0.2528072 0.2433588 0.2332102 0.1999134 0.0000010 0.0000000 0.1108542 0.0949094 0.0738306 0.0738306 0.0727849 2.6842946 2.9619163 3.2565019 2.9822107 2.9822107 2.8031247 2.4819657 2.1158846 2.2756868 
Q9RFV6-O_Vibrio-G_nqrF-T_BLAST              4.7760267 4.7760267 5.1052107 5.1052107 3.2481666 3.4161929 3.7444034 2.8480180 2.8593730 3.0464922 3.1061842 3.0909831 2.9065289 2.9189603 2.9165715 3.0523740 3.3960962 2.8787465 2.9650043 3.1651319 3.4084420 3.2556677 3.1564789 2.8869362 3.2262669 3.2358472 0.5098841 0.4983188 0.4384121 0.4999304 0.5025748 0.5018709 0.4961083 0.3006944 0.3390606 0.2797071 0.2517395 0.2638071 0.2651198 0.2322317 0.1108542 0.1108542 0.0000000 0.0260149 0.0684673 0.0684673 0.0907728 2.5907150 2.9060369 3.1923659 2.9502760 2.9502760 2.8130999 2.6115993 2.1261493 2.2739337 
Q9LCJ0-O_Vibrio-G_nqrF-T_BLAST              4.8463782 4.8463782 5.0542930 5.0542930 3.2493418 3.4021340 3.7288114 2.8828581 2.8875452 3.0336019 3.0061804 3.0761810 2.9099458 2.9219023 2.9195065 3.0525700 3.3705208 2.8264471 2.9397296 3.1844673 3.4491133 3.2964766 3.1955004 2.9489733 3.2871711 3.2017844 0.5134985 0.4968150 0.4173515 0.4746472 0.4772411 0.4765225 0.4643399 0.2801100 0.3172891 0.2595351 0.2364022 0.2508923 0.2450855 0.1993055 0.0949094 0.0949094 0.0260149 0.0000000 0.0511368 0.0511368 0.0672978 2.5702255 2.9271197 3.2148006 2.9775466 2.9775466 2.8062148 2.5101085 2.0941016 2.2336588 
Q7MID2-O_Vibrio-G_nqrF-T_BLAST              4.8767973 4.8767973 5.0177727 5.0177727 3.3764047 3.5023335 3.7737371 2.9476585 2.9348494 3.1114404 2.9965778 3.0917491 2.9414807 2.9705751 2.9681190 3.1996124 3.3709892 2.8549821 3.0124664 3.2988928 3.5067117 3.3480960 3.2790357 2.9579032 3.4482716 3.3017790 0.5201807 0.5033664 0.4164358 0.4720888 0.4706152 0.4682068 0.4732780 0.2706096 0.3194727 0.2733048 0.2439121 0.2643471 0.2452171 0.2017543 0.0738306 0.0738306 0.0684673 0.0511368 0.0000000 0.0000010 0.0365811 2.6113508 2.9691681 3.2569488 3.0552112 3.0552112 2.8939507 2.6076722 2.1169752 2.2800353 
Q8DBJ1-O_Vibrio-G_nqrF-T_BLAST              4.8767973 4.8767973 5.0177727 5.0177727 3.3764047 3.5023335 3.7737371 2.9476585 2.9348494 3.1114404 2.9965778 3.0917491 2.9414807 2.9705751 2.9681190 3.1996124 3.3709892 2.8549821 3.0124664 3.2988928 3.5067117 3.3480960 3.2790357 2.9579032 3.4482716 3.3017790 0.5201807 0.5033664 0.4164358 0.4720888 0.4706152 0.4682068 0.4732780 0.2706096 0.3194727 0.2733048 0.2439121 0.2643471 0.2452171 0.2017543 0.0738306 0.0738306 0.0684673 0.0511368 0.0000010 0.0000000 0.0365811 2.6113508 2.9691681 3.2569488 3.0552112 3.0552112 2.8939507 2.6076722 2.1169752 2.2800353 
Q75R59-O_Vibrio-G_nqrF-T_BLAST              4.7524571 4.7524571 5.1500271 5.1500271 3.4210436 3.4482840 3.6515584 2.9705514 2.9527471 3.0972799 2.9831085 3.1098773 3.0049088 2.9752055 2.9727404 3.1951560 3.3277325 2.8573659 2.9742209 3.3111431 3.4341131 3.3037635 3.2520734 2.9350604 3.3988374 3.2624983 0.4982844 0.4866789 0.4056955 0.4488756 0.4528225 0.4504547 0.4721019 0.2825310 0.3141668 0.2613520 0.2459416 0.2662736 0.2471979 0.2007364 0.0727849 0.0727849 0.0907728 0.0672978 0.0365811 0.0365811 0.0000000 2.5339350 2.8636701 3.1461057 3.0559456 3.0559456 2.8875693 2.5716925 2.1014611 2.2547867 
Q52126-O_Pseudomonas-G_ndoR-T_BLAST         7.0776294 7.0776294 5.6556490 5.6556490 2.6398600 2.6164035 2.8205395 2.3132413 2.3446200 2.9576267 2.4625347 2.4978209 2.7096289 2.7828955 2.7768302 2.7354573 2.9298451 2.4852524 2.4518247 2.5411850 2.5987501 2.4788963 2.4377415 2.8125614 3.4577518 2.5239669 2.5979181 2.6432247 2.5773027 2.5286237 2.5486693 2.5677753 2.8701518 2.6473474 2.6898502 2.6237034 2.5236508 2.5344836 2.5383674 2.5869206 2.6842946 2.6842946 2.5907150 2.5702255 2.6113508 2.6113508 2.5339350 0.0000000 0.5214808 0.7463323 2.2323671 2.2323671 2.3735107 1.9330868 2.4312628 2.2629955 
O52378-O_Ralstonia-G_nagAa-T_BLAST          7.9915316 7.9915316 6.4195931 6.4195931 2.7019221 2.6675940 2.8326016 2.5678319 2.6411499 2.8550030 2.8604281 2.7004038 2.6596242 2.7051264 2.6956483 2.6988204 2.7958227 2.5355390 2.2446465 2.4057844 2.5157875 2.4715651 2.4818865 2.7632398 3.5272636 2.5419046 2.8162517 2.8661766 2.8146706 2.7370787 2.7306781 2.7375968 3.0345665 2.5801579 2.9281313 2.7934293 2.8551711 2.8342597 2.7754644 2.8170992 2.9619163 2.9619163 2.9060369 2.9271197 2.9691681 2.9691681 2.8636701 0.5214808 0.0000000 0.1453081 2.4611716 2.4611716 2.4441714 2.0268738 2.3292154 2.3331354 
Q45692-O_Burkholderia-G_dntAa-T_BLAST       8.9115900 8.9115900 6.3516940 6.3516940 3.0093492 3.0302645 3.2063063 3.0516702 3.0767592 3.2311167 3.3038728 2.8408106 3.0673389 3.0670867 3.0567273 3.2757857 3.0696726 2.7927767 2.5299514 2.6468319 2.7631326 2.6806649 2.6424928 3.1243742 3.5377173 2.9610844 3.0395719 3.0728020 3.1336242 3.0217667 3.0153076 3.0228158 3.2496674 2.6018075 3.2312968 3.0842481 3.1310829 3.1075800 3.0413532 3.0870350 3.2565019 3.2565019 3.1923659 3.2148006 3.2569488 3.2569488 3.1461057 0.7463323 0.1453081 0.0000000 2.5383533 2.5383533 2.7976756 2.2684932 2.6283298 2.6122092 
AAC45296.1-O_Pseudomonas-NCBI               7.7233196 7.7233196 6.6169832 6.6169832 2.5673655 2.5939998 2.8380200 2.5605780 2.5241569 2.5681302 2.3573458 2.6252692 2.5873481 2.4657336 2.4699347 2.5913662 2.6570967 2.4589817 2.5199571 2.2544262 2.5758196 2.2885502 2.2964305 2.6417928 3.2192015 2.5900288 2.9935856 3.1317321 3.1244374 3.1367807 3.1629393 3.1188418 3.0921035 2.9004258 3.0044400 3.0967996 3.1152244 3.1130450 3.0623998 3.0594908 2.9822107 2.9822107 2.9502760 2.9775466 3.0552112 3.0552112 3.0559456 2.2323671 2.4611716 2.5383533 0.0000000 0.0000010 1.5806907 2.0978256 2.1409137 2.1512574 
P95461-O_Pseudomonas-G_cymA-T_Query         7.7233196 7.7233196 6.6169832 6.6169832 2.5673655 2.5939998 2.8380200 2.5605780 2.5241569 2.5681302 2.3573458 2.6252692 2.5873481 2.4657336 2.4699347 2.5913662 2.6570967 2.4589817 2.5199571 2.2544262 2.5758196 2.2885502 2.2964305 2.6417928 3.2192015 2.5900288 2.9935856 3.1317321 3.1244374 3.1367807 3.1629393 3.1188418 3.0921035 2.9004258 3.0044400 3.0967996 3.1152244 3.1130450 3.0623998 3.0594908 2.9822107 2.9822107 2.9502760 2.9775466 3.0552112 3.0552112 3.0559456 2.2323671 2.4611716 2.5383533 0.0000010 0.0000000 1.5806907 2.0978256 2.1409137 2.1512574 
P21394-O_Pseudomonas-G_xylA-T_BLAST         7.0090547 7.0090547 5.5826395 5.5826395 3.1383017 2.8937875 3.1559367 2.3312815 2.3301800 2.3666441 2.2834390 2.6846423 2.5528159 2.6879374 2.6924856 2.5606748 2.6597888 2.5665205 2.4365078 2.6159888 2.7733224 2.5166266 2.5734502 2.6239842 3.3335096 2.6181772 2.6612757 2.7294612 2.5634362 2.6545725 2.6470957 2.6550878 2.6946997 2.4140118 2.7848686 2.7141631 2.8378859 2.8375785 2.8834648 2.8242632 2.8031247 2.8031247 2.8130999 2.8062148 2.8939507 2.8939507 2.8875693 2.3735107 2.4441714 2.7976756 1.5806907 1.5806907 0.0000000 2.1885871 2.5511071 2.3059597 
P0DPQ8-O_Amycolatopsis-G_gcoB-T_BLAST       7.1185461 7.1185461 5.5966546 5.5966546 2.8653417 2.9075436 2.8173107 2.6738961 2.6361753 2.7821795 2.8059492 2.5499520 2.6827315 2.4279996 2.4361996 2.5199252 2.5734073 2.6015473 2.4136352 2.3796764 2.6705753 2.6250355 2.6260651 2.5247453 3.2292214 2.3019157 2.6488537 2.6795483 2.5453560 2.5391241 2.5403927 2.5476308 2.5441523 2.4550697 2.5361111 2.5826974 2.8264370 2.7556413 2.6587021 2.5544154 2.4819657 2.4819657 2.6115993 2.5101085 2.6076722 2.6076722 2.5716925 1.9330868 2.0268738 2.2684932 2.0978256 2.0978256 2.1885871 0.0000000 1.8028043 1.6677620 
Q7WTJ2-O_Acinetobacter-G_mphP-T_BLAST       8.1466651 8.1466651 5.9864248 5.9864248 2.7607761 2.5085099 2.6965707 2.2778679 2.3100383 2.4276568 2.8799654 2.7715492 2.2351933 2.1349329 2.1386230 2.3361195 2.8608861 2.5321034 2.3873438 2.2931457 2.2761870 2.3060826 2.2269508 2.8681689 3.0842576 2.6208534 2.0896891 2.1372480 2.2434941 2.1420551 2.1549036 2.1586672 2.0826919 1.8847955 2.3023901 2.0742806 2.1438349 2.1818342 2.0966577 2.1167621 2.1158846 2.1158846 2.1261493 2.0941016 2.1169752 2.1169752 2.1014611 2.4312628 2.3292154 2.6283298 2.1409137 2.1409137 2.5511071 1.8028043 0.0000000 0.4832286 
P19734-O_Pseudomonas-G_dmpP-T_BLAST         7.9024509 7.9024509 5.8978564 5.8978564 2.6348640 2.9240754 2.8431543 2.4229434 2.4631382 2.5268553 3.1703830 2.7140083 2.4182103 2.1260500 2.1296910 2.3592596 2.7611017 2.5483191 2.1368052 2.1957885 2.2641167 2.0904089 2.1343882 2.8347247 3.0646866 2.4186502 2.2435028 2.3009264 2.3610891 2.2347849 2.2416672 2.2429577 2.2751721 2.1787536 2.4296317 2.4405191 2.3416230 2.4054289 2.3398998 2.2871243 2.2756868 2.2756868 2.2739337 2.2336588 2.2800353 2.2800353 2.2547867 2.2629955 2.3331354 2.6122092 2.1512574 2.1512574 2.3059597 1.6677620 0.4832286 0.0000000 
