91
A0A5P8ZUW4-O_Mycobacterium-G_bphA1-T_Query       0.0000000 4.6337488 4.2360078 4.4736504 4.4748688 4.8109907 4.8625989 4.9457541 4.5306600 4.4492924 4.1532908 4.1923810 4.2097320 4.2803950 4.3520913 4.3129203 3.7465861 3.6333448 3.6084826 3.7078298 3.7186895 3.7493451 4.0956074 4.8341950 4.2339726 4.3183810 4.7789007 4.3400226 4.4522719 4.4169081 3.7869101 3.7649019 3.7594377 3.7915144 3.7663321 3.7663321 3.7971663 4.0369231 4.1083862 4.0710613 3.7382773 3.5503215 3.4178522 3.5909639 3.6511519 3.6511519 3.5859268 3.5859268 3.5838243 3.5838243 3.5831906 3.5674666 3.2626144 3.2008130 3.2454267 3.2018810 3.1871745 3.2637693 3.3742323 3.4897407 3.2940353 3.2940353 3.2652560 4.3323623 4.9415313 4.5496225 5.2409097 5.7022587 5.0671939 5.0755580 5.9135213 4.5428958 4.7444094 4.1962758 4.4178886 3.7759672 4.7261818 4.2828852 3.9806347 3.7096980 3.6652167 3.6459786 3.7454039 4.4756281 4.4938363 5.0159912 4.4926239 4.0565089 3.4506765 4.1734190 3.8196504 
A0A498P6U5-O_Mycobacterium-G_bphA1-T_Query       4.6337488 0.0000000 4.7308399 4.5103750 4.2313340 5.3611331 5.1466354 4.9408249 5.0984120 5.0791297 4.8926493 5.3976624 5.4242123 4.6253436 4.5600751 4.6273778 4.2499887 4.3858203 4.2422763 4.2309904 4.2000869 4.2699377 3.7083956 5.5852934 4.0668260 4.1118152 4.6646709 4.8215783 4.7109233 4.7745206 3.8360166 3.6759739 3.6790743 3.6565157 3.6529182 3.6529182 3.6497772 4.4603006 4.4288127 4.2600565 3.9703391 4.0772216 3.9767147 3.8770741 4.0897335 4.0897335 4.0995702 4.0995702 4.1027882 4.1027882 4.1333473 4.1377398 3.8983780 4.0292818 3.7350607 3.7620850 3.7713979 3.7370515 4.0074490 3.8307346 4.1954970 4.1916322 4.1695390 5.1961268 5.1579162 5.4023755 4.8052042 4.9439299 4.9202513 5.2031389 5.4740149 5.0349380 3.9229906 4.2613534 4.5516527 4.2729932 4.9736288 5.1117797 4.7542353 3.5158876 3.4570208 3.8142531 4.1092916 4.9959166 4.7159916 4.5008104 4.4547911 5.5549124 3.6767578 3.8868702 4.1404256 
Q9RBG5-O_Alcaligenes-G_absAa-T_BLAST             4.2360078 4.7308399 0.0000000 1.7027819 3.4977531 3.0606176 3.3810984 3.0637466 3.1977853 3.2470417 2.9309628 2.8404955 2.8375991 3.5053569 3.5414249 3.5559854 3.5885129 3.3867529 3.4204524 3.5651022 3.5220259 3.5270433 3.3029218 4.3942231 3.5672981 3.4559758 3.2436496 3.1381686 3.1889098 3.2101327 3.0633528 2.9509134 2.9489956 2.9312162 2.9561596 2.9561596 2.9337924 3.2921901 3.2468731 3.1746147 3.1943775 3.3042954 3.0654971 3.0667608 3.1952389 3.1952389 3.1785348 3.1785348 3.1783317 3.1783317 3.2076273 3.1818680 3.0671432 3.0470538 3.0400192 3.0183407 3.0230671 2.9975892 3.0031100 3.1226387 3.1164776 3.1096189 3.1410701 4.2419384 3.5113168 3.4930007 4.0914162 3.9239679 3.9327661 3.9871100 3.9075899 3.9927724 4.5399679 3.6701251 3.7303390 3.2263054 3.6961826 3.9994789 3.6943038 3.2229114 3.1469967 3.3908117 3.5059473 3.9622949 3.4564336 3.5407528 4.3865795 3.8367354 3.0270066 4.3533339 4.5150588 
Q9X404-O_Methylosulfonomonas-G_msmA-T_BLAST      4.4736504 4.5103750 1.7027819 0.0000000 4.0365505 3.4179926 3.1573629 3.3797919 3.6827844 3.5762112 3.2960050 3.5051408 3.4990527 3.3914897 3.4161328 3.4474620 3.7198497 3.7371775 3.4426572 3.6778443 3.6611971 3.6544993 3.6137034 4.4707698 3.7984963 3.9480307 3.2578549 3.2834362 3.2099852 3.2706546 3.3459526 3.1117655 3.1096699 3.1345418 3.1153970 3.1153970 3.1385009 3.5332374 3.3484936 3.3122387 3.1777425 3.2841813 3.0527042 3.1438702 3.2487042 3.2487042 3.2215827 3.2215827 3.2224596 3.2224596 3.1564212 3.2057059 3.2132624 3.2165671 3.1927975 3.1607066 3.1373147 3.1292376 3.0440958 3.0748768 3.3247322 3.3366535 3.3131284 4.5495628 4.3363410 4.3884985 4.7022436 4.0972236 4.4301289 4.7988267 4.7643133 4.3331673 4.1872236 3.5733660 3.6481656 3.6252033 4.0088937 4.2824193 3.9391311 3.3674835 3.3674835 3.4668821 3.4502474 4.6519283 4.4796471 4.5181177 3.8346342 4.1256168 3.4534553 4.2674315 4.8060473 
Q51974-O_Pseudomonas-G_cmtAb-T_BLAST             4.4748688 4.2313340 3.4977531 4.0365505 0.0000000 2.7845217 2.7090866 2.7808515 2.6427970 3.2708860 2.9219918 3.2232726 3.2264926 3.3084342 3.3838015 3.4074681 3.6875557 3.4747375 3.4169612 3.3189079 3.3692575 3.4722053 3.0178322 3.9256679 3.4256026 3.4559412 3.0196725 3.0909788 3.1761451 3.1861706 2.8352338 2.7661753 2.7587294 2.7863370 2.7707663 2.7707663 2.7653306 3.1215873 3.0230677 3.0356282 3.1151236 3.2872685 3.3435792 3.3252862 3.4402353 3.4402353 3.4071758 3.4071758 3.3937721 3.3937721 3.3766463 3.3875595 3.2449899 3.0581980 3.1538505 3.1093449 3.0973638 3.0886558 3.1276792 2.9636115 3.2021222 3.1811844 3.3124842 4.5027783 4.7117662 4.9102473 4.6468131 4.6347053 4.3619532 5.0278315 4.8224103 4.5856042 4.3473961 3.9840017 4.3266425 3.6045789 4.0175445 3.8823541 3.3524979 3.0341644 2.9742328 3.1261036 3.2323630 4.5623396 4.5786298 4.6174763 3.8451552 4.3397432 3.5152711 4.1497558 3.7095598 
O85673-O_Acinetobacter-G_antA-T_BLAST            4.8109907 5.3611331 3.0606176 3.4179926 2.7845217 0.0000000 1.4340173 1.3950957 1.3499649 4.0220972 3.2133930 3.4881965 3.5002065 3.2606405 3.2581943 3.2908364 3.8354213 3.4811742 3.4303753 3.4120968 3.4202178 3.5166475 3.2108918 4.6579742 3.6177309 3.3762764 3.1320170 3.2880618 3.2895489 3.3050658 3.1153283 3.0748406 3.0769721 3.0949489 3.0780609 3.0780609 3.0725709 3.0504444 3.2241158 3.0812441 3.3148592 3.3615917 3.1136688 3.1792079 3.0701818 3.0701818 3.1527784 3.1527784 3.1526063 3.1526063 3.1314578 3.1538561 3.4328445 3.2736989 3.1647492 3.1810518 3.2786894 3.2031522 3.2573032 3.2173469 3.2127701 3.2193834 3.1765455 4.7470253 4.3653954 4.5166160 4.5928400 4.3413340 4.4608808 4.8565706 4.9340919 4.1212801 4.2547629 3.8927736 4.3221188 4.0069423 3.7881246 4.7997875 3.6019985 3.1443087 3.0195714 3.2194012 3.2271599 4.5768051 4.7072112 4.5038090 4.6736066 4.4526469 3.9156087 4.3639430 4.1716599 
Q51601-O_Burkholderia-G_cbdA-T_BLAST             4.8625989 5.1466354 3.3810984 3.1573629 2.7090866 1.4340173 0.0000000 0.9536696 0.9136594 3.9106843 3.0016796 3.6552006 3.6692127 3.6903991 3.6391188 3.6513407 3.4707931 3.2480463 3.2988270 3.3018570 3.3222500 3.3470599 3.2759604 4.1312097 3.2411874 3.4628330 3.3405737 3.0098090 3.0286482 3.0188770 3.0813066 2.9983741 3.0009003 3.0187929 3.0024445 3.0024445 2.9831033 3.1927948 3.2956040 3.1797999 3.4283464 3.5315532 3.3394428 3.3393673 3.3437327 3.3437327 3.3503513 3.3503513 3.3494358 3.3494358 3.3599662 3.3590868 3.4743757 3.3557366 3.4058943 3.3155036 3.3567654 3.3723582 3.6791522 3.3782125 3.4279015 3.4345744 3.3599901 4.5504632 4.3797886 4.6084418 4.7919605 4.2448189 4.1023230 4.3705829 4.2421771 4.5266416 4.2522424 4.1303790 4.0996879 3.9080103 3.9066378 4.1177619 4.3621706 3.2241073 3.0763243 3.3242394 3.2827265 4.7323496 4.7580317 4.2540245 4.0669409 3.9822695 3.7634332 4.2665469 4.1868605 
P07769-O_Acinetobacter-G_benA-T_BLAST            4.9457541 4.9408249 3.0637466 3.3797919 2.7808515 1.3950957 0.9536696 0.0000000 0.6792489 3.7249761 2.8772498 3.2090445 3.1977105 3.3679259 3.3441914 3.3345823 3.5244020 3.2949080 3.1717321 3.1013565 3.1427919 3.1628982 3.0882421 3.9866220 3.3946896 3.3007325 3.4643937 2.8855326 2.8754915 2.8514870 2.7964356 2.9064134 2.9112930 2.9293761 2.9135843 2.9135843 2.8945485 2.9498444 2.8435178 2.8621349 2.8772641 3.1559493 3.0170325 2.9844940 3.0066924 3.0066924 2.9976929 2.9976929 2.9985256 2.9985256 3.0055453 3.0119918 2.9859689 2.8636140 2.8644938 2.7938985 2.8206369 2.8263651 2.8912969 2.8844407 3.0357091 3.0456593 2.9384762 4.0763857 4.2184193 4.2411561 4.1507483 4.2991123 3.8370770 3.9828703 3.6298820 4.1026206 4.3046295 3.6787722 4.0465559 3.6985040 3.8300031 4.3431230 4.0026104 3.2624388 3.1341543 3.7519737 3.8427904 4.1728713 4.4568227 3.7699543 3.8452173 4.0601369 4.1369418 4.0458995 3.9078268 
P23099-O_Pseudomonas-G_xylX-T_BLAST              4.5306600 5.0984120 3.1977853 3.6827844 2.6427970 1.3499649 0.9136594 0.6792489 0.0000000 3.7526371 3.0162237 3.2633130 3.2949701 3.4214280 3.3927794 3.4093691 3.7237643 3.3586306 3.3423500 3.3607550 3.3429149 3.4830119 3.1530929 4.2899214 3.3842806 3.4877494 3.5669544 3.1087649 3.2252272 3.2053518 3.1134087 3.1512919 3.1563839 3.1579818 3.1555264 3.1555264 3.1350279 3.1699413 3.2304490 3.2304139 3.3562861 3.5905879 3.2864329 3.2763054 3.2394535 3.2394535 3.2879549 3.2879549 3.2887937 3.2887937 3.3048906 3.3250787 3.5692160 3.3653714 3.3916662 3.3113887 3.4058817 3.3882913 3.6098672 3.3989656 3.2756187 3.2864052 3.2060718 4.3599347 4.8366642 4.6065205 4.4594664 4.5790027 4.0869577 4.5341825 4.4154032 4.1733023 4.5671694 3.8248381 3.8552107 3.8900163 3.6945205 4.5486813 4.0355747 3.4745182 3.4528232 3.5087381 3.5603629 4.4309295 4.5055181 3.8816891 3.9410326 4.2437470 3.9673061 4.5549005 4.4977266 
O52379-O_Ralstonia-G_nagG-T_BLAST                4.4492924 5.0791297 3.2470417 3.5762112 3.2708860 4.0220972 3.9106843 3.7249761 3.7526371 0.0000000 1.9255266 1.8839291 1.8878301 3.3844055 3.3593098 3.4152926 3.1116076 3.1092289 2.9616296 3.0543590 3.0395600 3.0245608 3.4891280 4.5039545 3.2441816 3.4187297 3.5424031 3.5593061 3.5954428 3.5403796 3.0272841 3.0799862 3.0965649 3.1206959 3.1019340 3.1019340 3.1245699 3.1026867 3.0460070 3.1462683 3.3365009 3.0896156 3.1310162 3.0396469 3.1303904 3.1303904 3.1180507 3.1180507 3.0981531 3.0981531 3.0811918 3.1260925 3.1791536 3.1928381 3.0590627 3.0407274 3.0724066 3.0431973 2.9989470 3.0420836 3.1632059 3.1635291 3.2024804 3.7059959 3.9034979 3.8768040 3.7068375 3.9534055 3.7445035 4.0342672 4.0747239 4.0961858 4.2844701 4.3205161 4.3704183 3.8626741 4.3170558 4.2013684 3.5698368 3.8490144 3.7440322 3.7444807 3.5946106 4.0681799 3.9896670 3.8647121 4.0598522 4.6106381 3.8765429 4.2411420 3.6732711 
Q84BZ3-O_Burkholderia-G_andAc-T_BLAST            4.1532908 4.8926493 2.9309628 3.2960050 2.9219918 3.2133930 3.0016796 2.8772498 3.0162237 1.9255266 0.0000000 1.6274877 1.6293664 3.0339639 3.0013609 2.9856201 3.1417202 3.2282270 3.0170010 3.0424393 3.0615921 3.1068969 3.6131076 5.2170356 3.6001529 3.7063157 3.3988394 3.2059639 3.1661753 3.1871928 2.5455162 2.5949296 2.5901193 2.6112680 2.5963594 2.5963594 2.6142769 2.7163785 2.6529283 2.6327895 2.8829569 2.9511505 2.9528284 2.9152776 3.0552956 3.0552956 2.9588097 2.9588097 2.9571544 2.9571544 2.9574718 3.0015487 3.0510279 2.9709482 2.9485991 2.9211934 2.9735770 2.9571333 2.9565539 2.9288100 2.8638285 2.8890650 2.8783197 3.7860293 3.8730680 3.4317383 3.5786405 3.9333362 3.7929060 3.6493639 3.9839824 4.3192979 4.6579080 3.9134152 3.8560494 3.4911184 4.5818054 4.4203812 3.9669844 3.8491586 3.8288551 3.5038395 3.4448884 4.2457508 3.8256160 3.7779447 3.6036027 4.0929056 3.3274367 4.3727521 4.0462983 
Q3C1E3-O_Comamonas-G_tphA2I-T_BLAST              4.1923810 5.3976624 2.8404955 3.5051408 3.2232726 3.4881965 3.6552006 3.2090445 3.2633130 1.8839291 1.6274877 0.0000000 0.0049969 3.3227626 3.3450739 3.3601242 3.1408802 3.0978971 3.0777663 3.1551695 3.1551695 3.0926046 3.2611935 4.9042668 3.7777310 3.8994540 3.5746802 3.3090932 3.4772829 3.3700531 2.7635775 2.6900017 2.7212980 2.7254241 2.7096795 2.7096795 2.6898760 2.7363761 2.6952260 2.6524762 2.9251850 3.0777401 3.0248735 2.9770234 3.1260317 3.1260317 3.0712077 3.0712077 3.0890115 3.0890115 3.0563685 3.1127724 3.0284665 2.9229463 2.9972436 2.9707502 3.0225419 3.0034140 3.0180196 2.9307059 3.2016370 3.2307591 3.2094138 4.2750636 4.2486803 4.0270612 4.6665123 4.8134288 3.9274988 4.3626538 4.4714090 4.0142568 4.3477973 3.6621240 3.6289124 3.5690852 3.7508661 4.1565425 3.9074506 3.8924264 3.9961026 3.6755224 3.8704399 4.3455519 4.0927708 3.9114309 3.9760403 4.0545214 3.8650107 4.3226295 3.6477555 
Q3C1D5-O_Comamonas-G_tphA2II-T_BLAST             4.2097320 5.4242123 2.8375991 3.4990527 3.2264926 3.5002065 3.6692127 3.1977105 3.2949701 1.8878301 1.6293664 0.0049969 0.0000000 3.3290263 3.3513958 3.3664996 3.1468812 3.1039129 3.0837833 3.1612848 3.1612848 3.0986604 3.2663255 4.9266134 3.7849920 3.9069255 3.5802058 3.3091987 3.4773835 3.3701575 2.7726971 2.6988155 2.7302013 2.7343615 2.7185487 2.7185487 2.6986966 2.7376233 2.6974894 2.6610248 2.8995565 3.0778463 3.0249787 2.9771277 3.1261373 3.1261373 3.0713134 3.0713134 3.0891169 3.0891169 3.0564732 3.1128776 3.0268214 2.9213982 2.9956078 2.9691613 3.0209173 3.0018023 3.0181247 2.9291174 3.1997613 3.2288555 3.2075309 4.3132463 4.2299976 4.0423128 4.7069035 4.8273830 3.9636094 4.3844377 4.4769992 4.0461353 4.3442404 3.7007243 3.6353266 3.5450177 3.7326633 4.1181471 3.9149804 3.9233413 4.0441101 3.7206568 3.9183182 4.3474971 4.1013426 3.8715987 3.9317187 4.0755093 3.8667965 4.3245819 3.6494032 
A0A5E6PE82-O_Pseudomonas-G_bphA1-T_Query         4.2803950 4.6253436 3.5053569 3.3914897 3.3084342 3.2606405 3.6903991 3.3679259 3.4214280 3.3844055 3.0339639 3.3227626 3.3290263 0.0000000 0.0160262 0.0231488 2.7750736 2.7669293 2.6695647 2.8008432 2.8166054 2.8154673 2.6309026 3.2064237 2.7063350 2.7402003 2.8051979 2.4182894 2.5363074 2.4956026 2.2214194 2.2795579 2.2885037 2.2694398 2.2862778 2.2862778 2.3000060 2.5264960 2.5455795 2.5375462 2.4492737 2.4916199 2.3200590 2.3631105 2.4568904 2.4568904 2.4123491 2.4123491 2.4170388 2.4170388 2.4604969 2.4472632 2.3767010 2.3289917 2.4198527 2.3171535 2.3420661 2.3786220 2.3863712 2.2617580 2.3121609 2.3202581 2.3101339 4.8707112 4.8657369 5.0613340 4.7172034 4.4536163 4.7640596 4.8425863 4.6772273 4.7368090 4.7412402 3.7997438 4.0558705 4.2187161 4.8641401 4.3676964 4.5061625 4.0301604 4.0633370 4.2851387 4.2758263 5.1251452 4.6046680 5.2200541 3.5062357 4.7128482 3.8328578 4.1034891 4.5876289 
A0A5E6S025-O_Pseudomonas-G_bphA1-T_Query         4.3520913 4.5600751 3.5414249 3.4161328 3.3838015 3.2581943 3.6391188 3.3441914 3.3927794 3.3593098 3.0013609 3.3450739 3.3513958 0.0160262 0.0000000 0.0137449 2.7163692 2.7076313 2.6125962 2.7562989 2.7719213 2.7550544 2.6026399 3.1858679 2.6606389 2.6848612 2.7791139 2.3907904 2.5071520 2.4669666 2.2052723 2.2630840 2.2719701 2.2530652 2.2697588 2.2697588 2.2833588 2.4997192 2.5269900 2.5190277 2.4478632 2.4762736 2.3567380 2.3916180 2.4841514 2.4841514 2.4415919 2.4415919 2.4463471 2.4463471 2.4878502 2.4744043 2.4069978 2.3136761 2.4038840 2.3019968 2.3259189 2.3621418 2.4322053 2.2332104 2.2923717 2.3004584 2.3053273 4.8384216 4.7678960 4.9603307 4.6016936 4.4250761 4.7100144 4.7640065 4.6252268 4.8460575 4.7511430 3.7666026 3.9955378 4.1641263 4.7811614 4.2770845 4.4477921 4.0539385 4.1133457 4.2502742 4.2414427 5.0638780 4.5521402 5.1386329 3.4820523 4.6431746 3.8239020 3.9918433 4.5545863 
A0A5E7J631-O_Pseudomonas-G_bphA1-T_Query         4.3129203 4.6273778 3.5559854 3.4474620 3.4074681 3.2908364 3.6513407 3.3345823 3.4093691 3.4152926 2.9856201 3.3601242 3.3664996 0.0231488 0.0137449 0.0000000 2.7391341 2.7306042 2.6344718 2.7796433 2.7953669 2.7785619 2.6177020 3.2110421 2.6451909 2.6698302 2.7758320 2.4102874 2.5274940 2.4870557 2.2261950 2.2330267 2.2418494 2.2231386 2.2396531 2.2396531 2.2530904 2.5356813 2.5575321 2.5494786 2.4297936 2.4866543 2.3667127 2.4015441 2.4939942 2.4939942 2.4515048 2.4515048 2.4562570 2.4562570 2.4977056 2.4842591 2.4104482 2.3297378 2.4183382 2.3163302 2.3388745 2.3751995 2.4057139 2.2599352 2.3025397 2.3106297 2.3025960 4.7945027 4.7241850 4.9159779 4.5472724 4.4193231 4.6797981 4.7968511 4.5679902 4.8217803 4.7591354 3.7297058 4.0207892 4.1188139 4.8878792 4.2317195 4.4481180 4.1190455 4.1807409 4.3157364 4.3059936 5.0536840 4.4810275 5.1979998 3.5357590 4.6031360 3.9052579 3.9960791 4.5492877 
Q45695-O_Burkholderia-G_dntAc-T_BLAST            3.7465861 4.2499887 3.5885129 3.7198497 3.6875557 3.8354213 3.4707931 3.5244020 3.7237643 3.1116076 3.1417202 3.1408802 3.1468812 2.7750736 2.7163692 2.7391341 0.0000000 0.1413192 0.3076910 0.2802425 0.2829116 0.2755980 2.3712507 2.7279128 2.7558426 2.8503027 2.7275384 2.5070761 2.4934729 2.4659277 1.8978477 1.8950832 1.9048530 1.9084537 1.9073712 1.9073712 1.9056096 2.0622899 2.1041814 2.0596291 2.0556880 2.0213128 2.1506376 2.1071016 2.2148720 2.2148720 2.1725755 2.1725755 2.1689802 2.1689802 2.1913622 2.1773619 2.2009045 2.1287292 2.2357788 2.1716102 2.2032790 2.2142213 2.2370056 2.1931523 2.1483609 2.1571661 2.1752716 4.1711898 3.9910915 4.2101680 4.5945074 4.3795405 4.0316571 4.2526511 4.0707476 4.5082066 3.7844868 3.6433939 4.1029585 3.1850816 3.9268841 3.7907307 3.4238768 3.4540382 3.3792463 3.1960285 3.2114790 4.1362865 4.5942050 4.2832967 3.8572725 4.4538802 2.9799489 3.8246583 3.5934009 
O52382-O_Ralstonia-G_nagAc-T_BLAST               3.6333448 4.3858203 3.3867529 3.7371775 3.4747375 3.4811742 3.2480463 3.2949080 3.3586306 3.1092289 3.2282270 3.0978971 3.1039129 2.7669293 2.7076313 2.7306042 0.1413192 0.0000000 0.1591867 0.1431525 0.1381157 0.1265579 2.4337814 2.9247218 2.8114685 2.8814912 2.6395857 2.4320956 2.4997762 2.4651236 1.9016571 1.8891568 1.8989539 1.8893726 1.9009837 1.9009837 1.8992178 2.0874411 2.0934622 2.0334278 1.9671232 1.9433789 2.0535829 2.0257441 2.1197643 2.1197643 2.0825857 2.0825857 2.0792085 2.0792085 2.0835711 2.0702815 2.0990963 2.0455365 2.1276565 2.0534407 2.1005732 2.0982595 2.1353489 2.1001532 2.0815727 2.0903154 2.1154770 4.2485907 3.7867437 3.9589858 4.5816248 4.4118458 3.8974184 4.2832477 4.1054386 4.2123195 4.0026922 3.6948119 4.0322572 3.0247248 4.1037656 3.5952431 3.3608217 3.0823757 3.0701901 3.0155104 3.0498543 4.1527675 4.4360780 4.1738895 3.8217671 4.3686709 2.9574465 3.8097544 3.5575049 
Q51494-O_Pseudomonas-G_ndoB-T_BLAST              3.6084826 4.2422763 3.4204524 3.4426572 3.4169612 3.4303753 3.2988270 3.1717321 3.3423500 2.9616296 3.0170010 3.0777663 3.0837833 2.6695647 2.6125962 2.6344718 0.3076910 0.1591867 0.0000000 0.1161144 0.1117632 0.1042757 2.3786423 2.9134788 2.7485768 2.7811533 2.5273655 2.3511592 2.4042614 2.3571329 1.9001647 1.8409302 1.8504745 1.8353162 1.8464784 1.8464784 1.8447674 2.0459123 2.0097329 1.9632416 1.9340695 1.8306265 1.9524134 1.9371834 2.0230923 2.0230923 1.9878500 1.9878500 1.9847450 1.9847450 1.9946447 1.9762289 1.9677522 1.9160247 2.0190104 1.9572102 1.9798793 1.9792263 2.0695539 2.0195691 1.9451684 1.9504609 1.9582164 4.0982497 3.5920497 3.6809391 4.3051701 4.2942343 3.7389654 3.8272233 3.8568648 4.1856271 3.8558400 3.6900814 4.0655588 3.1785086 3.9668419 3.5666833 3.2152681 2.9192587 2.9085278 2.7822712 2.7759417 4.0885886 4.4185670 4.1940382 3.6936040 4.2080185 2.8575154 3.7593636 3.4304060 
P0A111-O_Pseudomonas-G_doxB-T_BLAST              3.7078298 4.2309904 3.5651022 3.6778443 3.3189079 3.4120968 3.3018570 3.1013565 3.3607550 3.0543590 3.0424393 3.1551695 3.1612848 2.8008432 2.7562989 2.7796433 0.2802425 0.1431525 0.1161144 0.0000000 0.0023246 0.0456110 2.5354297 3.1153560 2.7808001 2.7916940 2.5997066 2.4496242 2.4403725 2.3961499 1.9499340 1.8760829 1.8858841 1.8766469 1.8882363 1.8882363 1.8864704 2.0687606 2.0762221 2.0292884 1.9453299 1.9158120 2.0711220 2.0463269 2.1287288 2.1287288 2.0880963 2.0880963 2.0847223 2.0847223 2.1049330 2.0846030 2.0810801 2.0375000 2.1186994 2.0452693 2.0920469 2.0900271 2.1055138 2.0555471 1.9948814 2.0002475 2.0293171 4.1850690 3.7714421 3.9434753 4.5653056 4.3973017 3.9301302 4.1163522 4.0619879 4.3022477 3.9487143 3.7296257 4.0878091 3.1705403 4.1461574 3.5737573 3.3915695 3.0035187 2.9920890 2.8910123 2.9402691 4.1320145 4.5589091 4.3224383 3.6221571 4.3290386 2.9975252 3.9030184 3.5345606 
P0A110-O_Pseudomonas-G_ndoB-T_BLAST              3.7186895 4.2000869 3.5220259 3.6611971 3.3692575 3.4202178 3.3222500 3.1427919 3.3429149 3.0395600 3.0615921 3.1551695 3.1612848 2.8166054 2.7719213 2.7953669 0.2829116 0.1381157 0.1117632 0.0023246 0.0000000 0.0425451 2.5354297 3.1153560 2.7808001 2.7916940 2.6009465 2.4496242 2.4403725 2.3961499 1.9475707 1.8755208 1.8853576 1.8760878 1.8877182 1.8877182 1.8859459 2.0759685 2.0836343 2.0363295 1.9528004 1.9245994 2.0804701 2.0557373 2.1375629 2.1375629 2.1057468 2.1057468 2.1023407 2.1023407 2.1137561 2.0934133 2.0930997 2.0463647 2.1277622 2.0542070 2.1009199 2.0989111 2.1180544 2.0505543 1.9990924 2.0044410 2.0334131 4.1850690 3.7059105 3.8751550 4.5284498 4.3583903 3.8970695 4.0933953 4.0498114 4.3022477 3.9682296 3.6984057 4.0546541 3.1705403 4.1258891 3.5619603 3.3915695 3.0035187 2.9920890 2.8910123 2.9151613 4.1185979 4.5566050 4.3082399 3.6159322 4.3234543 2.9975252 3.9030184 3.5345606 
O07824-O_Pseudomonas-G_ndoB-T_BLAST              3.7493451 4.2699377 3.5270433 3.6544993 3.4722053 3.5166475 3.3470599 3.1628982 3.4830119 3.0245608 3.1068969 3.0926046 3.0986604 2.8154673 2.7550544 2.7785619 0.2755980 0.1265579 0.1042757 0.0456110 0.0425451 0.0000000 2.5231517 3.0986169 2.8052766 2.8387241 2.5912138 2.4803976 2.4773489 2.4317030 1.9456526 1.8990624 1.9089887 1.8995954 1.9113780 1.9113780 1.9095886 2.0995393 2.0797259 2.0362086 1.9672713 1.9552315 2.0914840 2.0701208 2.1544430 2.1544430 2.1204100 2.1204100 2.1169663 2.1169663 2.1191002 2.1099566 2.1155634 2.0663856 2.1542078 2.0796044 2.1214293 2.1194286 2.1188387 2.0896415 2.0227831 2.0281744 2.0593013 4.2633742 3.7645535 3.9806035 4.5308002 4.4410599 3.8802326 4.1558862 4.1012304 4.4278146 4.0372496 3.7625401 3.9685947 3.1872999 4.1049943 3.6067590 3.4602676 2.9952055 2.9837593 2.8956452 2.9289155 4.1212699 4.5571972 4.3148494 3.7149054 4.2792875 3.0380045 3.8832133 3.5598679 
A0A498PYA1-O_Mycobacterium-G_bphA1-T_Query       4.0956074 3.7083956 3.3029218 3.6137034 3.0178322 3.2108918 3.2759604 3.0882421 3.1530929 3.4891280 3.6131076 3.2611935 3.2663255 2.6309026 2.6026399 2.6177020 2.3712507 2.4337814 2.3786423 2.5354297 2.5354297 2.5231517 0.0000000 0.3020456 0.7274899 0.8586089 2.4645295 2.3884518 2.4861987 2.4543206 2.1974662 2.2189041 2.2147978 2.2260601 2.2187936 2.2187936 2.2027656 2.2383075 2.2277726 2.2464544 1.9896053 2.1605857 2.0617737 2.0257634 2.0681244 2.0681244 2.0509968 2.0509968 2.0469539 2.0469539 2.0407849 2.0521254 2.1094708 2.1859837 2.1682859 2.0895855 2.1088386 2.1440407 2.1127074 1.9859226 2.0610433 2.0810716 2.1593248 4.6414153 4.5235269 4.6422511 5.1406314 4.3475539 4.2235823 4.1403640 4.4416927 3.9493363 4.5878824 3.4818677 3.8824451 3.5718953 4.5795961 4.2116635 3.8395745 3.2329990 3.2219811 3.1514471 3.2049149 4.6547994 4.3900686 4.3698703 3.2813267 4.4490781 3.2693952 3.9769174 3.5314197 
A0A498Q0M2-O_Mycobacterium-G_bphA1-T_Query       4.8341950 5.5852934 4.3942231 4.4707698 3.9256679 4.6579742 4.1312097 3.9866220 4.2899214 4.5039545 5.2170356 4.9042668 4.9266134 3.2064237 3.1858679 3.2110421 2.7279128 2.9247218 2.9134788 3.1153560 3.1153560 3.0986169 0.3020456 0.0000000 1.0279716 1.1649664 2.9114914 3.0882122 3.1667350 3.1218416 2.7218031 2.5664469 2.5653584 2.5803900 2.5663972 2.5663972 2.5369848 2.7568117 2.6994091 2.6624885 2.5434310 2.4939407 2.4609722 2.4418408 2.4817155 2.4817155 2.5309987 2.5309987 2.5226783 2.5226783 2.5108765 2.5097748 2.6057160 2.6409703 2.6833996 2.5377984 2.5156313 2.5220179 2.3410245 2.3703776 2.5090548 2.5090548 2.5625775 7.5556937 6.9500721 7.0551091 7.2523724 6.7438613 7.6790507 6.1756381 5.7626822 4.8019286 5.5557449 5.1131641 5.2181129 5.1884276 5.4257937 5.5695149 5.6952632 4.7931938 4.9332584 4.5089502 4.6338125 4.8265538 6.4140976 5.5614579 5.4135315 6.3075338 5.5469293 4.3512745 4.7461361 
A0A2H5ZQW9-O_bacterium-G_bphA1-T_Query           4.2339726 4.0668260 3.5672981 3.7984963 3.4256026 3.6177309 3.2411874 3.3946896 3.3842806 3.2441816 3.6001529 3.7777310 3.7849920 2.7063350 2.6606389 2.6451909 2.7558426 2.8114685 2.7485768 2.7808001 2.7808001 2.8052766 0.7274899 1.0279716 0.0000000 0.2787067 2.4049680 2.3789783 2.4119308 2.3863801 2.4016487 2.3029171 2.2979457 2.3117445 2.3028097 2.3028097 2.3199414 2.4142847 2.4656588 2.4147791 2.3171852 2.0157915 2.0928944 2.1221483 2.0776713 2.0776713 2.1359091 2.1359091 2.1207444 2.1207444 2.1239224 2.1262576 2.2162473 2.2679484 2.2707411 2.2266886 2.2222642 2.2221834 2.0743945 1.9907039 2.2076508 2.2098063 2.2633472 4.2233422 3.9201764 4.1285605 4.4444613 4.6124213 3.9195388 4.0188231 4.5114061 4.2740934 4.7105835 3.5014176 3.3483331 3.5735665 4.4128990 3.7274393 4.3131448 3.7740811 3.7405235 3.6779777 3.7549919 4.1186363 3.6503972 3.8467601 3.4398810 4.0151758 3.4145823 3.7475453 3.4457170 
A0A2H5ZUQ3-O_bacterium-G_bphA1-T_Query           4.3183810 4.1118152 3.4559758 3.9480307 3.4559412 3.3762764 3.4628330 3.3007325 3.4877494 3.4187297 3.7063157 3.8994540 3.9069255 2.7402003 2.6848612 2.6698302 2.8503027 2.8814912 2.7811533 2.7916940 2.7916940 2.8387241 0.8586089 1.1649664 0.2787067 0.0000000 2.3040234 2.4690100 2.5013750 2.4768028 2.4741989 2.3728376 2.3646287 2.3852203 2.3759738 2.3759738 2.3937983 2.4856755 2.4581452 2.4284776 2.4082870 2.2067433 2.2815686 2.2763843 2.2547672 2.2547672 2.3174003 2.3174003 2.3014946 2.3014946 2.3135002 2.3124407 2.3090434 2.4273119 2.4003141 2.3589310 2.3553535 2.3491306 2.2163266 2.0748463 2.3182456 2.3201317 2.3499548 4.5637614 3.9989656 4.1793505 4.5948185 4.8295041 4.2191129 3.9991741 4.0399985 4.2403390 4.7614312 3.6330651 3.4522535 3.4444636 4.4360999 4.0182118 4.3118258 3.6869552 3.7117320 3.7259008 3.8530517 4.0850185 3.7654653 3.7602459 3.7345280 4.2946248 3.5409709 3.8660406 3.6097114 
A0A2X2P8V6-O_Burkholderia-G_bphA1-T_Query        4.7789007 4.6646709 3.2436496 3.2578549 3.0196725 3.1320170 3.3405737 3.4643937 3.5669544 3.5424031 3.3988394 3.5746802 3.5802058 2.8051979 2.7791139 2.7758320 2.7275384 2.6395857 2.5273655 2.5997066 2.6009465 2.5912138 2.4645295 2.9114914 2.4049680 2.3040234 0.0000000 2.0850115 2.1628154 2.1479858 1.9486600 2.0070609 2.0171219 2.0153848 2.0091667 2.0091667 2.0208030 2.1853605 2.1265777 2.0801908 2.0934351 2.0806900 2.1253304 2.1037294 2.0593236 2.0593236 2.1141444 2.1141444 2.0997441 2.0997441 2.0836300 2.0892498 2.2831911 2.1713573 2.2845837 2.2093989 2.2237699 2.1658711 2.2527769 2.0764599 2.1004019 2.1056390 2.0961257 4.1786112 3.7029715 3.8929716 4.4974366 3.6560553 3.7996778 3.9383701 4.0548530 4.1615114 4.2639004 3.5686895 3.8890616 3.5687581 4.2333030 3.9158614 4.0232301 3.2472039 3.2339280 3.1563551 3.1903378 4.1341293 4.1080323 4.1192135 3.4757968 4.3377592 3.2326098 3.3053617 3.2902034 
A3KCY4-O_Rhodococcus-G_bphA1-T_Query             4.3400226 4.8215783 3.1381686 3.2834362 3.0909788 3.2880618 3.0098090 2.8855326 3.1087649 3.5593061 3.2059639 3.3090932 3.3091987 2.4182894 2.3907904 2.4102874 2.5070761 2.4320956 2.3511592 2.4496242 2.4496242 2.4803976 2.3884518 3.0882122 2.3789783 2.4690100 2.0850115 0.0000000 0.0431845 0.0453378 1.7258836 1.7835278 1.7920500 1.7959385 1.7901932 1.7901932 1.8007258 1.7172979 1.7378405 1.7229674 1.8981450 1.7377528 1.8212898 1.7818472 1.8113006 1.8113006 1.7974900 1.7974900 1.7977544 1.7977544 1.8061779 1.8167720 2.0131391 1.9579868 1.9519156 1.9070871 1.9058520 1.8573361 2.0212382 1.9607969 1.9039410 1.9062507 1.8928177 4.4772799 4.1763897 4.4504251 4.7581884 4.6778279 4.5419674 4.3067338 4.3081245 4.2450302 3.7200641 3.9286473 3.8303017 3.2401407 4.0088633 3.8881785 3.7289063 3.4472232 3.5451876 3.7039806 3.6665866 4.5656185 4.0946568 4.2640951 3.3172966 4.5011481 3.4572082 3.4156589 3.4796928 
A3KD13-O_Rhodococcus-G_bphA1-T_Query             4.4522719 4.7109233 3.1889098 3.2099852 3.1761451 3.2895489 3.0286482 2.8754915 3.2252272 3.5954428 3.1661753 3.4772829 3.4773835 2.5363074 2.5071520 2.5274940 2.4934729 2.4997762 2.4042614 2.4403725 2.4403725 2.4773489 2.4861987 3.1667350 2.4119308 2.5013750 2.1628154 0.0431845 0.0000000 0.0024471 1.7416780 1.7293835 1.7377393 1.7415387 1.7359165 1.7359165 1.7461664 1.7847233 1.8064552 1.7886997 1.9462093 1.8695735 1.9368338 1.8846723 1.9261757 1.9261757 1.9024364 1.9024364 1.9027241 1.9027241 1.9164387 1.9279364 2.1600216 2.0655318 2.0567100 2.0079395 2.0043508 1.9535474 2.1277996 2.0070429 2.0094712 2.0116243 2.0292690 4.6502272 4.0230621 4.2818579 4.4979788 4.5096248 4.3558325 4.1258221 4.0430880 4.2273944 3.7275640 4.0274018 3.7478223 3.2127432 4.0230988 4.0017531 3.6800176 3.2851201 3.3773529 3.5824908 3.5461720 4.2238021 4.1887346 4.1523493 3.3083814 4.3120402 3.5500321 3.4352677 3.5288787 
A3KCZ6-O_Rhodococcus-G_bphA1-T_Query             4.4169081 4.7745206 3.2101327 3.2706546 3.1861706 3.3050658 3.0188770 2.8514870 3.2053518 3.5403796 3.1871928 3.3700531 3.3701575 2.4956026 2.4669666 2.4870557 2.4659277 2.4651236 2.3571329 2.3961499 2.3961499 2.4317030 2.4543206 3.1218416 2.3863801 2.4768028 2.1479858 0.0453378 0.0024471 0.0000000 1.7578001 1.7602204 1.7686905 1.7725494 1.7668441 1.7668441 1.7772788 1.8031326 1.8302033 1.8123537 1.9504067 1.8156805 1.8860781 1.8354584 1.8653790 1.8653790 1.8516697 1.8516697 1.8519468 1.8519468 1.8602898 1.8713387 2.1025776 2.0021688 2.0050190 1.9580991 1.9565238 1.9067447 2.0733477 2.0175056 1.9606274 1.9628514 1.9752088 4.6543050 4.0261501 4.2854379 4.5752129 4.5907108 4.4244501 4.1289660 4.1351659 4.3313890 3.7853854 4.0234867 3.7540919 3.2957790 4.0485117 4.0055573 3.7048420 3.2888316 3.3811920 3.5866754 3.5503211 4.2986967 4.2702939 4.2307040 3.3657894 4.2869492 3.4921655 3.4480871 3.4363192 
Q7N4W0-O_Photorhabdus-G_hcaE-T_BLAST             3.7869101 3.8360166 3.0633528 3.3459526 2.8352338 3.1153283 3.0813066 2.7964356 3.1134087 3.0272841 2.5455162 2.7635775 2.7726971 2.2214194 2.2052723 2.2261950 1.8978477 1.9016571 1.9001647 1.9499340 1.9475707 1.9456526 2.1974662 2.7218031 2.4016487 2.4741989 1.9486600 1.7258836 1.7416780 1.7578001 0.0000000 0.2350894 0.2346642 0.2323822 0.2315467 0.2315467 0.2345581 0.4766991 0.4290205 0.3929787 1.0340700 1.2544169 1.2231844 1.2316750 1.2450578 1.2450578 1.2229394 1.2229394 1.2196919 1.2196919 1.2349029 1.2231351 1.2446840 1.2628792 1.2789119 1.2349898 1.2217850 1.1696033 1.3350969 1.1590451 1.1782947 1.1851072 1.1994902 4.0464201 3.7493966 3.8959457 3.6222227 3.7029487 3.6732012 3.5974848 3.8794319 3.7200391 3.3160166 3.4460942 3.7762791 3.5001570 3.0079487 3.3305896 3.3014872 3.3191780 3.2792617 3.4865430 3.5604784 3.9917484 3.4382708 3.8543266 2.8616314 3.5569770 2.7083302 2.9421445 3.0412030 
Q0T1Y1-O_Shigella-G_hcaE-T_BLAST                 3.7649019 3.6759739 2.9509134 3.1117655 2.7661753 3.0748406 2.9983741 2.9064134 3.1512919 3.0799862 2.5949296 2.6900017 2.6988155 2.2795579 2.2630840 2.2330267 1.8950832 1.8891568 1.8409302 1.8760829 1.8755208 1.8990624 2.2189041 2.5664469 2.3029171 2.3728376 2.0070609 1.7835278 1.7293835 1.7602204 0.2350894 0.0000000 0.0046399 0.0069823 0.0046458 0.0046458 0.0069752 0.4646945 0.3687905 0.3620246 1.0064064 1.1756752 1.1731179 1.2081073 1.2110540 1.2110540 1.1865708 1.1865708 1.1833318 1.1833318 1.2002756 1.1886087 1.1751401 1.1892509 1.1782364 1.1473907 1.1486834 1.1214039 1.2659604 1.1333063 1.1791363 1.1834776 1.1934207 3.8677578 3.6577295 3.7829018 3.5469022 3.4858516 3.3940889 3.5410708 3.8913729 3.6070429 3.3160313 3.2177127 3.5426416 3.1496025 2.9264751 3.1821900 3.2871821 3.1522558 3.1202195 3.4004866 3.4646634 3.6929359 3.2897824 3.6557653 2.8238828 3.4273944 2.6657122 2.8980079 2.9506938 
Q83K39-O_Shigella-G_hcaE-T_BLAST                 3.7594377 3.6790743 2.9489956 3.1096699 2.7587294 3.0769721 3.0009003 2.9112930 3.1563839 3.0965649 2.5901193 2.7212980 2.7302013 2.2885037 2.2719701 2.2418494 1.9048530 1.8989539 1.8504745 1.8858841 1.8853576 1.9089887 2.2147978 2.5653584 2.2979457 2.3646287 2.0171219 1.7920500 1.7377393 1.7686905 0.2346642 0.0046399 0.0000000 0.0069690 0.0046370 0.0046370 0.0069619 0.4639005 0.3681296 0.3613743 0.9979322 1.1660134 1.1634302 1.1982165 1.2011362 1.2011362 1.1767520 1.1767520 1.1735104 1.1735104 1.1903899 1.1787778 1.1656258 1.1795243 1.1771780 1.1379426 1.1392399 1.1121228 1.2558322 1.1239974 1.1693566 1.1736883 1.1835907 3.8618893 3.6478932 3.7727976 3.5607230 3.4767913 3.3857768 3.5458390 3.8824481 3.6079285 3.3194062 3.2124526 3.5387548 3.1429067 2.9244366 3.2162042 3.3175667 3.1483517 3.1163316 3.3963743 3.4605005 3.7042270 3.2889335 3.6548094 2.8297791 3.4424347 2.6488243 2.9159602 2.9673695 
Q31XV2-O_Shigella-G_hcaE-T_BLAST                 3.7915144 3.6565157 2.9312162 3.1345418 2.7863370 3.0949489 3.0187929 2.9293761 3.1579818 3.1206959 2.6112680 2.7254241 2.7343615 2.2694398 2.2530652 2.2231386 1.9084537 1.8893726 1.8353162 1.8766469 1.8760878 1.8995954 2.2260601 2.5803900 2.3117445 2.3852203 2.0153848 1.7959385 1.7415387 1.7725494 0.2323822 0.0069823 0.0069690 0.0000000 0.0023185 0.0023185 0.0046413 0.4651916 0.3692879 0.3617988 1.0089904 1.1794385 1.1701294 1.2120532 1.2150192 1.2150192 1.1904267 1.1904267 1.1871795 1.1871795 1.2041972 1.1924752 1.1743454 1.1884659 1.1861720 1.1465485 1.1478441 1.1205265 1.2619889 1.1407955 1.1871335 1.1914944 1.2014974 3.8096217 3.6200691 3.7430627 3.5120660 3.4514768 3.3605487 3.5049606 3.8518239 3.6346524 3.3324083 3.1891164 3.5711731 3.1989401 2.9510804 3.2286731 3.3559821 3.1267494 3.0949477 3.4060312 3.4703789 3.7161956 3.3138517 3.6822632 2.8518355 3.4662160 2.6459458 2.9067172 2.9554662 
Q3YZ15-O_Shigella-G_hcaE-T_BLAST                 3.7663321 3.6529182 2.9561596 3.1153970 2.7707663 3.0780609 3.0024445 2.9135843 3.1555264 3.1019340 2.5963594 2.7096795 2.7185487 2.2862778 2.2697588 2.2396531 1.9073712 1.9009837 1.8464784 1.8882363 1.8877182 1.9113780 2.2187936 2.5663972 2.3028097 2.3759738 2.0091667 1.7901932 1.7359165 1.7668441 0.2315467 0.0046458 0.0046370 0.0023185 0.0000000 0.0000010 0.0023162 0.4603978 0.3650111 0.3575684 0.9995975 1.1682688 1.1656911 1.2005313 1.2034578 1.2034578 1.1790460 1.1790460 1.1758043 1.1758043 1.1927021 1.1810750 1.1633970 1.1772364 1.1748772 1.1357480 1.1370454 1.1099842 1.2501079 1.1301091 1.1757814 1.1801197 1.1900495 3.8459066 3.6546567 3.7791810 3.5445760 3.4853510 3.3911894 3.5375339 3.8883067 3.6079285 3.3205967 3.2184058 3.5470718 3.1555504 2.9313536 3.2078748 3.3111023 3.1542892 3.1222471 3.4026000 3.4667934 3.6905799 3.2911479 3.6572109 2.8344246 3.4430380 2.6535189 2.9043441 2.9530675 
P0ABR5-O_Escherichia-G_hcaE-T_BLAST              3.7663321 3.6529182 2.9561596 3.1153970 2.7707663 3.0780609 3.0024445 2.9135843 3.1555264 3.1019340 2.5963594 2.7096795 2.7185487 2.2862778 2.2697588 2.2396531 1.9073712 1.9009837 1.8464784 1.8882363 1.8877182 1.9113780 2.2187936 2.5663972 2.3028097 2.3759738 2.0091667 1.7901932 1.7359165 1.7668441 0.2315467 0.0046458 0.0046370 0.0023185 0.0000010 0.0000000 0.0023162 0.4603978 0.3650111 0.3575684 0.9995975 1.1682688 1.1656911 1.2005313 1.2034578 1.2034578 1.1790460 1.1790460 1.1758043 1.1758043 1.1927021 1.1810750 1.1633970 1.1772364 1.1748772 1.1357480 1.1370454 1.1099842 1.2501079 1.1301091 1.1757814 1.1801197 1.1900495 3.8459066 3.6546567 3.7791810 3.5445760 3.4853510 3.3911894 3.5375339 3.8883067 3.6079285 3.3205967 3.2184058 3.5470718 3.1555504 2.9313536 3.2078748 3.3111023 3.1542892 3.1222471 3.4026000 3.4667934 3.6905799 3.2911479 3.6572109 2.8344246 3.4430380 2.6535189 2.9043441 2.9530675 
A8A344-O_Escherichia-G_hcaE-T_BLAST              3.7971663 3.6497772 2.9337924 3.1385009 2.7653306 3.0725709 2.9831033 2.8945485 3.1350279 3.1245699 2.6142769 2.6898760 2.6986966 2.3000060 2.2833588 2.2530904 1.9056096 1.8992178 1.8447674 1.8864704 1.8859459 1.9095886 2.2027656 2.5369848 2.3199414 2.3937983 2.0208030 1.8007258 1.7461664 1.7772788 0.2345581 0.0069752 0.0069619 0.0046413 0.0023162 0.0023162 0.0000000 0.4641849 0.3685516 0.3610838 1.0057385 1.1753138 1.1727542 1.2077558 1.2107033 1.2107033 1.1862096 1.1862096 1.1829687 1.1829687 1.1999198 1.1882482 1.1703092 1.1843075 1.1819923 1.1426028 1.1438975 1.1167098 1.2574950 1.1368993 1.1829312 1.1872781 1.1972411 3.8804601 3.6274153 3.7510781 3.5743825 3.5162127 3.4187634 3.5304745 3.8602126 3.5980421 3.3445279 3.2442672 3.5764197 3.1488478 2.9085574 3.2013336 3.3079221 3.1510726 3.1190452 3.3992063 3.4633580 3.6641250 3.3186392 3.6878015 2.8553649 3.4181844 2.6739131 2.9265523 2.9752579 
A0A009JR72-O_Acinetobacter-G_bphA1-T_Query       4.0369231 4.4603006 3.2921901 3.5332374 3.1215873 3.0504444 3.1927948 2.9498444 3.1699413 3.1026867 2.7163785 2.7363761 2.7376233 2.5264960 2.4997192 2.5356813 2.0622899 2.0874411 2.0459123 2.0687606 2.0759685 2.0995393 2.2383075 2.7568117 2.4142847 2.4856755 2.1853605 1.7172979 1.7847233 1.8031326 0.4766991 0.4646945 0.4639005 0.4651916 0.4603978 0.4603978 0.4641849 0.0000000 0.2636971 0.2670368 1.0958542 1.2401771 1.2632278 1.2733464 1.2956506 1.2956506 1.2916635 1.2916635 1.2834054 1.2834054 1.2920713 1.2852388 1.2744688 1.2996185 1.3235218 1.2783895 1.2913217 1.2572406 1.3350667 1.2616436 1.2634251 1.2703765 1.2885337 3.8868568 3.8186012 3.8937967 3.9160548 3.7247525 3.6933811 3.7943483 4.2299081 3.9002747 3.4728571 3.5308431 3.8166361 3.0897625 2.9503494 3.3824299 3.4463896 3.5353433 3.4727921 3.5703620 3.6445172 3.8658416 3.5654105 3.8236416 3.0707588 3.4457520 2.9578094 2.9990456 3.3113439 
A0A009FNX5-O_Acinetobacter-G_bphA1-T_Query       4.1083862 4.4288127 3.2468731 3.3484936 3.0230677 3.2241158 3.2956040 2.8435178 3.2304490 3.0460070 2.6529283 2.6952260 2.6974894 2.5455795 2.5269900 2.5575321 2.1041814 2.0934622 2.0097329 2.0762221 2.0836343 2.0797259 2.2277726 2.6994091 2.4656588 2.4581452 2.1265777 1.7378405 1.8064552 1.8302033 0.4290205 0.3687905 0.3681296 0.3692879 0.3650111 0.3650111 0.3685516 0.2636971 0.0000000 0.0888359 1.1170669 1.2059343 1.2158032 1.2563771 1.2471831 1.2471831 1.2253159 1.2253159 1.2174876 1.2174876 1.2382961 1.2244415 1.2471650 1.2517286 1.2724011 1.2030008 1.1999262 1.1753479 1.2654078 1.2232358 1.1929792 1.1997087 1.2245031 3.8808864 3.9095437 3.9328171 3.8343092 3.8357419 3.6520246 3.7382745 4.0972000 3.9572746 3.2861472 3.5597499 3.7045705 3.1868287 2.8606903 3.3524668 3.3832535 3.3080219 3.2678271 3.4166592 3.4945243 3.7123735 3.5410530 3.7648077 3.0741984 3.3986070 3.0233101 3.0094689 3.3463078 
A0A062BZH5-O_Acinetobacter-G_bphA1-T_Query       4.0710613 4.2600565 3.1746147 3.3122387 3.0356282 3.0812441 3.1797999 2.8621349 3.2304139 3.1462683 2.6327895 2.6524762 2.6610248 2.5375462 2.5190277 2.5494786 2.0596291 2.0334278 1.9632416 2.0292884 2.0363295 2.0362086 2.2464544 2.6624885 2.4147791 2.4284776 2.0801908 1.7229674 1.7886997 1.8123537 0.3929787 0.3620246 0.3613743 0.3617988 0.3575684 0.3575684 0.3610838 0.2670368 0.0888359 0.0000000 1.0882549 1.1829920 1.1308170 1.1965753 1.2174086 1.2174086 1.1880901 1.1880901 1.1879876 1.1879876 1.2031036 1.1949217 1.2173112 1.2421697 1.2683087 1.2077505 1.2038856 1.1752535 1.2458544 1.1749745 1.1584382 1.1627609 1.1925424 3.8205148 3.7932934 3.8626074 3.7095381 3.6477897 3.5878932 3.6313207 4.0013422 3.9224489 3.2841492 3.5109311 3.6555214 3.1316644 2.6926957 3.3516217 3.3019769 3.3382355 3.2972903 3.4238777 3.4875213 3.8041897 3.6968161 3.8552286 3.1626252 3.5385322 2.8889239 2.9612031 3.2319308 
A0A1S1H7L5-O_Sphingomonas-G_bphA1-T_Query        3.7382773 3.9703391 3.1943775 3.1777425 3.1151236 3.3148592 3.4283464 2.8772641 3.3562861 3.3365009 2.8829569 2.9251850 2.8995565 2.4492737 2.4478632 2.4297936 2.0556880 1.9671232 1.9340695 1.9453299 1.9528004 1.9672713 1.9896053 2.5434310 2.3171852 2.4082870 2.0934351 1.8981450 1.9462093 1.9504067 1.0340700 1.0064064 0.9979322 1.0089904 0.9995975 0.9995975 1.0057385 1.0958542 1.1170669 1.0882549 0.0000000 0.7340217 0.6699112 0.7031506 0.7418132 0.7418132 0.7108136 0.7108136 0.7103452 0.7103452 0.7174625 0.7114429 0.7020879 0.7586922 0.7847556 0.7505468 0.7402843 0.7212093 0.6517790 0.7219835 0.6807392 0.6807392 0.7189044 4.3913065 4.2755493 4.4042274 4.1048105 3.9531710 3.8019572 4.2713099 4.2304379 4.0735338 3.7914714 3.2799788 3.4274965 3.7842731 3.5340927 3.3839495 3.5935282 3.1884692 3.2215653 3.3300448 3.4212824 4.3168129 4.0286616 4.1588564 3.1468659 3.6329666 2.9466901 3.2460999 3.1748963 
