48
A0A5C1EBH3-O_Oryzomicrobium-G_pheA1-T_Query                                                 0.0000000 8.9999989 8.9999983 7.3697747 4.7111918 5.7255872 6.8663971 6.3802606 4.8422927 4.7945177 4.4662086 5.6207026 5.5865235 5.6762095 5.6762095 5.7179582 7.5741128 7.9350409 6.4177060 6.9358399 6.8325285 4.6646431 7.1495267 6.9876860 6.9568270 8.9999987 8.5199336 7.7443180 4.6966919 6.9889353 6.4032970 8.9999985 9.0000000 7.9365562 7.2131504 7.3469542 7.3469542 7.4223244 5.7055985 6.0763965 8.6002594 6.5370655 4.7656202 5.8013065 4.8453321 6.3254922 4.9596170 4.9461962 
P55792-O_Clostridium-G_abfD-T_BLAST                                                         8.9999989 0.0000000 5.0900085 8.8920663 5.1153150 5.0334654 3.2727121 3.0858322 3.3434440 3.1824663 3.2193525 3.3242289 3.2545708 3.4853836 3.4853836 3.4519877 3.2655430 3.3989794 3.0874511 2.9366054 2.6298322 5.2144488 5.7318833 4.9761040 6.3336756 3.0743451 3.0821896 6.7170897 8.9999981 8.9999986 5.8820260 8.9999986 8.5602736 8.9999988 8.9999990 9.0000000 9.0000000 8.9999983 6.4431797 5.7885157 7.7514483 8.9999988 8.1258436 8.6149691 8.9999981 8.9999982 8.9999987 8.9999989 
A0A098BP36-O_Rhodococcus-G_pheA1-T_Query                                                    8.9999983 5.0900085 0.0000000 6.1637589 4.8470605 5.2129134 5.2356223 5.2156186 5.0638219 4.9429383 4.7470997 3.9405041 4.4199567 4.4324521 4.4324521 4.4513836 6.7896940 5.4402901 4.7727612 4.7754277 6.5396108 8.4898879 8.9999988 6.2080008 7.6841857 7.3734342 6.8281722 8.3050057 6.1621033 7.0251197 4.6580585 8.9608480 8.9999982 8.9999984 8.9999989 8.9999989 8.9999989 8.9999990 8.2722552 5.8731205 8.9999989 8.1794240 7.6025359 8.1811384 8.9999987 7.5199335 6.2225212 6.2225212 
A0A1Z1W4J5-O_Streptomyces-G_pheA1-T_Query                                                   7.3697747 8.8920663 6.1637589 0.0000000 3.7367276 6.1043856 5.1768057 5.5317924 5.5460245 5.1454494 5.2035492 5.1304379 5.1782484 5.3424338 5.3424338 5.2855983 8.0503548 6.2342677 5.3450383 6.7499252 8.9999989 5.9097272 6.0392656 5.6232518 6.7864435 8.9004036 8.9999989 8.9999986 8.9999989 6.7340616 4.7139537 7.4420741 7.1580751 6.5751568 8.2826781 6.5712168 6.5712168 7.3757733 9.0000000 7.6658812 7.2457636 5.5187439 4.7771763 4.7240633 5.7095822 5.9391524 6.6452101 6.4022717 
A0A0K1ZQR1-O_Ralstonia-G_pheA1-T_Query                                                      4.7111918 5.1153150 4.8470605 3.7367276 0.0000000 4.1677542 3.6062449 4.3138106 3.9474588 3.9962067 4.0467051 3.4138804 3.5170683 3.6418108 3.6418108 3.6469157 3.8797343 3.7579927 3.7944766 4.0561139 3.5999897 4.9622201 5.9444930 5.0788761 9.0000000 4.8500797 5.1376704 8.9999989 5.0296570 8.9999988 3.9926682 8.9999986 5.4159757 5.3743440 4.8076618 4.7876113 4.7876113 6.3843838 5.3804540 4.0797059 4.7161191 4.9154288 3.6317445 3.7156821 5.6885951 4.0397888 5.1503446 5.1503446 
A0A2D2A4L8-O_Rhodococcus-G_pheA1-T_Query                                                    5.7255872 5.0334654 5.2129134 6.1043856 4.1677542 0.0000000 2.8862324 2.8058201 2.8589418 3.0327276 3.2192406 2.4105297 2.6220725 2.7136178 2.7136178 2.6717779 4.2274947 3.0258746 2.5456014 3.2013237 2.7300892 6.0953015 9.0000000 3.8486357 9.0000000 3.7638845 2.5835814 7.3826423 5.4804473 8.5686099 6.7286583 8.9999986 6.8420351 6.2853388 8.9999989 8.0605688 8.0605688 8.9999989 3.6536484 4.1617009 9.0000000 9.0000000 7.6682909 6.3266703 8.9999982 7.2676951 8.9999983 8.9999983 
O30372-O_Pseudomonas-G_pvcC-T_BLAST                                                         6.8663971 3.2727121 5.2356223 5.1768057 3.6062449 2.8862324 0.0000000 1.0377894 1.1829673 1.2159754 1.1982019 1.1906207 1.1916778 1.1915672 1.1915672 1.1881707 2.5972172 2.3970312 1.9666257 2.2279735 2.1042825 4.5705744 8.6772101 4.9697980 8.9999982 2.8739970 2.6998337 5.2560892 5.3993267 5.9203346 4.7411926 6.7710903 7.8940834 7.2761014 8.1140032 7.0351509 7.0351509 6.7475347 5.9743130 5.3179238 7.5747146 7.4930675 6.2010778 7.3909425 6.6882208 7.2328562 7.4693876 7.3123504 
Q9LAG3-O_Parageobacillus-G_pheA1-T_Query                                                    6.3802606 3.0858322 5.2156186 5.5317924 4.3138106 2.8058201 1.0377894 0.0000000 0.9167029 0.9596206 0.9559784 0.9105563 0.9027697 0.9242980 0.9242980 0.9224598 2.0520642 2.2075379 2.0060122 1.9438236 1.8948273 4.1374491 5.1567560 4.1468771 6.3544748 2.7081616 2.4502708 5.5064338 6.0596169 5.8441346 4.4387390 7.2756244 8.0595060 7.6443681 8.9999989 8.0604657 8.0604657 6.0047989 4.2128560 4.4467322 7.6236481 7.7655128 6.3949719 7.3382009 7.2726921 6.8518522 8.3336249 8.1411133 
Q9HWT7-O_Pseudomonas-G_hpaB-T_BLAST                                                         4.8422927 3.3434440 5.0638219 5.5460245 3.9474588 2.8589418 1.1829673 0.9167029 0.0000000 0.3869440 0.3982158 0.8930112 0.8347542 0.8774859 0.8774859 0.8653802 2.5952284 2.4557797 2.3142941 2.2388041 2.1189224 3.9600049 5.7112238 4.4204623 7.1678770 3.1787568 2.6225462 5.3926401 5.3814191 5.7347357 4.1015055 8.3483661 7.3942229 7.6823354 8.9999989 8.3590855 8.3590855 6.7437615 4.8951471 4.7459119 7.3839576 7.2872397 6.4819703 7.2858464 7.8222332 7.5178843 6.8485116 6.6765473 
Q57160-O_Escherichia-G_hpaB-T_BLAST                                                         4.7945177 3.1824663 4.9429383 5.1454494 3.9962067 3.0327276 1.2159754 0.9596206 0.3869440 0.0000000 0.0749376 0.9215945 0.8438014 0.8638436 0.8638436 0.8504264 2.6691896 2.3835225 2.3166850 2.2823423 2.1361950 4.3606785 5.3805778 4.2071157 6.5103185 2.9505903 2.7050299 5.2355129 5.7020540 5.2935440 4.0482844 8.3478130 7.4068374 7.0486174 8.4632215 7.7635029 7.7635029 6.7371007 5.1542706 5.2657421 7.0139993 6.9246233 6.4773226 6.7670403 7.5597953 7.2875398 6.8841778 6.7799540 
Q48440-O_Klebsiella-G_hpaB-T_BLAST                                                          4.4662086 3.2193525 4.7470997 5.2035492 4.0467051 3.2192406 1.1982019 0.9559784 0.3982158 0.0749376 0.0000000 0.9103536 0.8635441 0.8921912 0.8921912 0.8784649 2.6643451 2.3982805 2.3035201 2.2858727 2.1556870 4.3898677 5.5870545 4.5939312 6.8525044 3.0332597 2.7363384 5.3734649 5.9096624 5.7126693 4.0409320 8.8439151 7.7588125 7.4204311 8.8623295 7.9413263 7.9413263 6.8809646 5.0515866 5.3657346 7.1014029 7.3248635 6.5457629 6.8940285 7.6461743 7.3987933 6.8754652 6.7706461 
Q8RQQ0-O_Rhodococcus-G_nphA1-T_BLAST                                                        5.6207026 3.3242289 3.9405041 5.1304379 3.4138804 2.4105297 1.1906207 0.9105563 0.8930112 0.9215945 0.9103536 0.0000000 0.6378371 0.6076753 0.6076753 0.6053183 2.3150614 2.2500957 2.1498596 2.1612483 2.0771166 4.1727129 4.9322335 4.7311287 5.7934756 2.7802010 2.5540098 5.2864568 5.2376842 6.0242562 4.2559027 7.3148951 7.9110908 7.1253477 8.7349759 7.3926454 7.3926454 5.6910062 4.8803127 4.4871817 6.8082632 7.2391613 6.2567365 6.4240428 6.7755759 6.4723541 6.6261444 6.6086730 
Q0SDR7-O_Rhodococcus-G_pheA1-T_Query                                                        5.5865235 3.2545708 4.4199567 5.1782484 3.5170683 2.6220725 1.1916778 0.9027697 0.8347542 0.8438014 0.8635441 0.6378371 0.0000000 0.1378538 0.1378538 0.1292414 2.3791270 2.2069522 2.0649196 2.2785514 2.0668985 4.5847412 4.3483611 5.7742343 4.8766487 2.9877926 2.7325676 5.4997209 4.3335572 6.4112231 4.5561522 8.6399182 7.5706855 7.4558056 8.9195132 7.6520962 7.6520962 6.2779072 4.8073797 4.3204996 7.0513309 7.3931279 6.6334853 6.9604867 6.8462239 6.8794293 6.8001474 6.6192735 
ABS30825.1-O_Rhodococcus-NCBI                                                               5.6762095 3.4853836 4.4324521 5.3424338 3.6418108 2.7136178 1.1915672 0.9242980 0.8774859 0.8638436 0.8921912 0.6076753 0.1378538 0.0000000 0.0000010 0.0097578 2.4248763 2.2726626 2.1025377 2.3333100 2.0847345 4.7442968 4.7700274 5.7562033 5.4084224 2.9679534 2.7624592 5.6349346 4.3274409 6.1440966 4.4136473 8.8196777 7.6397633 7.4972268 8.9999980 7.8980494 7.8980494 6.3537183 4.8508070 4.3143119 7.3080313 7.7710893 6.9682488 7.3119478 7.2206009 6.8400213 6.8992332 6.7385625 
A7LCL0-O_Rhodococcus-G_pheA1-T_Query                                                        5.6762095 3.4853836 4.4324521 5.3424338 3.6418108 2.7136178 1.1915672 0.9242980 0.8774859 0.8638436 0.8921912 0.6076753 0.1378538 0.0000010 0.0000000 0.0097578 2.4248763 2.2726626 2.1025377 2.3333100 2.0847345 4.7442968 4.7700274 5.7562033 5.4084224 2.9679534 2.7624592 5.6349346 4.3274409 6.1440966 4.4136473 8.8196777 7.6397633 7.4972268 8.9999980 7.8980494 7.8980494 6.3537183 4.8508070 4.3143119 7.3080313 7.7710893 6.9682488 7.3119478 7.2206009 6.8400213 6.8992332 6.7385625 
Q4VY44-O_Rhodococcus-G_pheA1-T_Query                                                        5.7179582 3.4519877 4.4513836 5.2855983 3.6469157 2.6717779 1.1881707 0.9224598 0.8653802 0.8504264 0.8784649 0.6053183 0.1292414 0.0097578 0.0097578 0.0000000 2.4075943 2.2692002 2.0881393 2.3255475 2.0669071 4.6336781 4.7700274 5.7608376 5.4084224 2.9485572 2.7580171 5.6452101 4.2989486 6.1735747 4.3941623 8.7228754 7.6673760 7.5165965 8.9999982 7.9141387 7.9141387 6.3504619 4.8437066 4.3671691 7.2496376 7.7846645 6.9896390 7.3132446 7.1496734 6.8743634 6.8219597 6.6646223 
Q974C6-O_Sulfurisphaera-G_pheA1-T_Query                                                     7.5741128 3.2655430 6.7896940 8.0503548 3.8797343 4.2274947 2.5972172 2.0520642 2.5952284 2.6691896 2.6643451 2.3150614 2.3791270 2.4248763 2.4248763 2.4075943 0.0000000 2.1693412 1.9636508 2.3363725 1.9233799 4.8377951 8.8636715 5.7080707 8.9999987 3.0052714 2.9669107 6.2890469 7.1369967 7.4264786 5.9772525 8.9999987 8.9999980 8.9999990 8.9999985 8.9999987 8.9999987 7.5224196 7.0459525 6.0712512 8.8623570 8.9999985 7.4118229 8.9999988 8.9999984 8.6302029 8.9999989 8.9999989 
C0SPC0-O_Bacillus-G_yoaI-T_BLAST                                                            7.9350409 3.3989794 5.4402901 6.2342677 3.7579927 3.0258746 2.3970312 2.2075379 2.4557797 2.3835225 2.3982805 2.2500957 2.2069522 2.2726626 2.2726626 2.2692002 2.1693412 0.0000000 1.5397291 1.3352516 1.4129295 5.3626777 7.4054581 5.8097317 7.2689078 2.6599246 2.8119479 8.0975873 5.6250402 7.7376493 5.5269303 8.9999990 8.4500207 8.9999984 8.9999981 8.1591937 8.1591937 8.2518310 4.9874830 5.0497820 8.1691769 8.9999986 8.1067822 8.0955454 8.9999984 8.1190124 8.9999987 8.9999989 
A4IT51-O_Geobacillus-G_hpaH-T_BLAST                                                         6.4177060 3.0874511 4.7727612 5.3450383 3.7944766 2.5456014 1.9666257 2.0060122 2.3142941 2.3166850 2.3035201 2.1498596 2.0649196 2.1025377 2.1025377 2.0881393 1.9636508 1.5397291 0.0000000 1.6267838 1.4224400 4.4571771 7.7809755 4.7196506 8.1164394 2.8545100 2.5987346 6.0097930 5.3068786 6.8599280 5.2033370 8.9999983 8.7870977 8.5535723 7.7425994 6.7286267 6.7286267 7.6756181 5.1290757 4.1725156 8.4075673 8.5359528 6.5645654 7.5681814 7.7476289 7.4907334 8.0195653 8.1500209 
Q4L1M7-O_Geobacillus-G_hpaH-T_BLAST                                                         6.9358399 2.9366054 4.7754277 6.7499252 4.0561139 3.2013237 2.2279735 1.9438236 2.2388041 2.2823423 2.2858727 2.1612483 2.2785514 2.3333100 2.3333100 2.3255475 2.3363725 1.3352516 1.6267838 0.0000000 1.1435849 4.7734201 7.9527219 5.3343859 8.9999988 2.7363372 2.7689303 6.0445306 5.5402354 6.8514578 6.3834670 7.5809353 7.9351772 7.9710393 8.9999981 7.8707213 7.8707213 7.5972275 5.5590660 5.9727834 8.4690512 8.9999982 6.7735663 7.4939122 8.9523060 7.6580726 7.4957773 7.5479733 
Q5SJP8_Thermus_thermophilus__strain_HB8___ATCC_27634___DSM_579_.OrderedLocusNames_TTHA0960_ 6.8325285 2.6298322 6.5396108 8.9999989 3.5999897 2.7300892 2.1042825 1.8948273 2.1189224 2.1361950 2.1556870 2.0771166 2.0668985 2.0847345 2.0847345 2.0669071 1.9233799 1.4129295 1.4224400 1.1435849 0.0000000 4.6170127 8.9999988 6.0376082 8.9999989 2.5655472 2.2863613 5.5494454 6.8734217 6.4837153 5.6026919 8.9999983 8.9999984 7.7531312 8.9999988 8.9999980 8.9999980 8.5156510 5.4017193 5.5490821 8.4449781 8.9999985 6.6490215 8.0332183 8.8402708 8.0039541 8.2133217 8.3636635 
A0A5Q0UEJ5-O_DPANN-G_pheA1-T_Query                                                          4.6646431 5.2144488 8.4898879 5.9097272 4.9622201 6.0953015 4.5705744 4.1374491 3.9600049 4.3606785 4.3898677 4.1727129 4.5847412 4.7442968 4.7442968 4.6336781 4.8377951 5.3626777 4.4571771 4.7734201 4.6170127 0.0000000 3.4236433 5.9809824 4.3389380 6.4442112 5.1745385 8.2468804 7.4839996 6.9708243 7.2217884 5.7354758 5.4384030 4.8003428 5.3662918 5.2984254 5.2984254 5.9989197 3.6331842 5.8468096 5.4067411 6.7709270 4.1058794 3.8407872 4.3517569 4.1796701 5.7622112 5.7622112 
I3R4F0-O_Haloferax-G_pheA1-T_Query                                                          7.1495267 5.7318833 8.9999988 6.0392656 5.9444930 9.0000000 8.6772101 5.1567560 5.7112238 5.3805778 5.5870545 4.9322335 4.3483611 4.7700274 4.7700274 4.7700274 8.8636715 7.4054581 7.7809755 7.9527219 8.9999988 3.4236433 0.0000000 8.9999988 0.4069244 8.9999987 8.9999985 8.5600136 6.9756132 5.8449181 4.6003803 6.6311458 5.8094927 5.0340099 4.1757343 4.5053918 4.5053918 5.7488613 5.6125776 7.2094397 4.2201421 5.0833433 6.1579182 4.6929663 5.4111389 4.3745112 5.1728000 4.8294686 
A0A5Q0UN06-O_Halomicrobium-G_pheA1-T_Query                                                  6.9876860 4.9761040 6.2080008 5.6232518 5.0788761 3.8486357 4.9697980 4.1468771 4.4204623 4.2071157 4.5939312 4.7311287 5.7742343 5.7562033 5.7562033 5.7608376 5.7080707 5.8097317 4.7196506 5.3343859 6.0376082 5.9809824 8.9999988 0.0000000 9.0000000 8.6921724 6.0871606 8.2831431 6.2506611 3.2397807 5.5187745 4.2749192 7.2106089 8.9999984 5.6992893 4.8803728 4.8803728 6.8188208 8.5853630 3.5443373 8.0178843 8.9806455 4.5790720 4.1263159 3.3794825 4.0433860 8.1071033 8.1071033 
G0HQL8-O_Haloarcula-G_pheA1-T_Query                                                         6.9568270 6.3336756 7.6841857 6.7864435 9.0000000 9.0000000 8.9999982 6.3544748 7.1678770 6.5103185 6.8525044 5.7934756 4.8766487 5.4084224 5.4084224 5.4084224 8.9999987 7.2689078 8.1164394 8.9999988 8.9999989 4.3389380 0.4069244 9.0000000 0.0000000 9.0000000 8.9999987 7.7403674 8.4429637 8.0556887 4.6231976 8.9999989 7.8740853 8.0077751 6.6747982 6.8447974 6.8447974 8.5716705 5.3972288 7.7025446 6.7379748 6.6181769 8.9999986 7.0282799 7.8956492 6.4677838 6.2037882 5.7076037 
O87009-O_Burkholderia-G_tftD-T_BLAST                                                        8.9999987 3.0743451 7.3734342 8.9004036 4.8500797 3.7638845 2.8739970 2.7081616 3.1787568 2.9505903 3.0332597 2.7802010 2.9877926 2.9679534 2.9679534 2.9485572 3.0052714 2.6599246 2.8545100 2.7363372 2.5655472 6.4442112 8.9999987 8.6921724 9.0000000 0.0000000 1.6336222 6.9519982 8.1551781 6.3048844 7.1262246 7.7883080 8.7634020 8.4521828 6.3897029 6.2713975 6.2713975 6.3015451 5.5429210 6.5206163 7.6354062 8.9999985 6.4129442 7.1823168 7.9145096 7.0440372 6.1998213 6.2625024 
Q6F4M8-O_Rhodococcus-G_npcA-T_BLAST                                                         8.5199336 3.0821896 6.8281722 8.9999989 5.1376704 2.5835814 2.6998337 2.4502708 2.6225462 2.7050299 2.7363384 2.5540098 2.7325676 2.7624592 2.7624592 2.7580171 2.9669107 2.8119479 2.5987346 2.7689303 2.2863613 5.1745385 8.9999985 6.0871606 8.9999987 1.6336222 0.0000000 6.5367904 6.1500292 7.7304435 5.7375927 6.9973054 8.9999984 8.4492810 7.7883895 7.5607682 7.5607682 6.9931472 6.9267706 7.4328016 7.8798966 8.7752182 7.3243932 8.5290695 8.9255683 8.1477127 8.0672373 8.2338053 
Q45413-O_Geobacillus-G_pheA-T_Query                                                         7.7443180 6.7170897 8.3050057 8.9999986 8.9999989 7.3826423 5.2560892 5.5064338 5.3926401 5.2355129 5.3734649 5.2864568 5.4997209 5.6349346 5.6349346 5.6452101 6.2890469 8.0975873 6.0097930 6.0445306 5.5494454 8.2468804 8.5600136 8.2831431 7.7403674 6.9519982 6.5367904 0.0000000 8.8874529 7.4954697 6.1122116 7.4863840 8.9999986 8.9999983 7.7387369 8.2120695 8.2120695 8.6129685 8.9999981 7.6712499 7.9516005 8.9999986 6.8397829 7.9221418 6.5058245 7.3549187 7.2650434 7.2257222 
A0A076LI57-O_Edwardsiella-G_pheA1-T_Query                                                   4.6966919 8.9999981 6.1621033 8.9999989 5.0296570 5.4804473 5.3993267 6.0596169 5.3814191 5.7020540 5.9096624 5.2376842 4.3335572 4.3274409 4.3274409 4.2989486 7.1369967 5.6250402 5.3068786 5.5402354 6.8734217 7.4839996 6.9756132 6.2506611 8.4429637 8.1551781 6.1500292 8.8874529 0.0000000 8.6418149 8.9999985 8.9999985 8.1844213 8.9999990 8.3341254 8.9999983 8.9999983 8.9999985 8.9999990 8.9999987 8.9999983 8.9999981 8.9999990 8.6619444 8.1597655 8.9999987 6.5292604 6.5051163 
D3NZU3-O_Azospirillum-G_pheA-T_Query                                                        6.9889353 8.9999986 7.0251197 6.7340616 8.9999988 8.5686099 5.9203346 5.8441346 5.7347357 5.2935440 5.7126693 6.0242562 6.4112231 6.1440966 6.1440966 6.1735747 7.4264786 7.7376493 6.8599280 6.8514578 6.4837153 6.9708243 5.8449181 3.2397807 8.0556887 6.3048844 7.7304435 7.4954697 8.6418149 0.0000000 8.9999987 6.3612783 8.4402944 8.9999987 6.3332407 6.1403009 6.1403009 7.0878421 8.9999988 8.9999987 7.9723186 8.9999981 5.3893416 4.9897143 5.3441670 5.4663041 7.8848334 7.5873121 
A8LMC1-O_Dinoroseobacter-G_pheA1-T_Query                                                    6.4032970 5.8820260 4.6580585 4.7139537 3.9926682 6.7286583 4.7411926 4.4387390 4.1015055 4.0482844 4.0409320 4.2559027 4.5561522 4.4136473 4.4136473 4.3941623 5.9772525 5.5269303 5.2033370 6.3834670 5.6026919 7.2217884 4.6003803 5.5187745 4.6231976 7.1262246 5.7375927 6.1122116 8.9999985 8.9999987 0.0000000 8.0936188 8.6262266 8.2008786 8.9999986 7.6087412 7.6087412 8.3129647 3.1493298 5.5502941 8.9999983 8.7581665 8.9999988 7.7809299 7.2315499 6.5449254 7.3128274 7.3128274 
A9FIZ9-O_Sorangium-G_pheA1-T_Query                                                          8.9999985 8.9999986 8.9608480 7.4420741 8.9999986 8.9999986 6.7710903 7.2756244 8.3483661 8.3478130 8.8439151 7.3148951 8.6399182 8.8196777 8.8196777 8.7228754 8.9999987 8.9999990 8.9999983 7.5809353 8.9999983 5.7354758 6.6311458 4.2749192 8.9999989 7.7883080 6.9973054 7.4863840 8.9999985 6.3612783 8.0936188 0.0000000 3.3668152 2.9642210 3.0021478 2.7554398 2.7554398 2.8039251 6.6150798 6.2959943 3.0351200 2.7370588 2.4024416 2.4224839 2.2833193 2.4545891 2.7872998 2.7429616 
A0A0H3JB86-O_Clostridium-G_pheA1-T_Query                                                    9.0000000 8.5602736 8.9999982 7.1580751 5.4159757 6.8420351 7.8940834 8.0595060 7.3942229 7.4068374 7.7588125 7.9110908 7.5706855 7.6397633 7.6397633 7.6673760 8.9999980 8.4500207 8.7870977 7.9351772 8.9999984 5.4384030 5.8094927 7.2106089 7.8740853 8.7634020 8.9999984 8.9999986 8.1844213 8.4402944 8.6262266 3.3668152 0.0000000 0.6657474 2.8212008 2.7315341 2.7315341 3.1897329 5.2919713 5.6490805 2.3328914 2.2907412 2.7439664 2.4212289 2.6723109 2.6049056 3.3095039 3.3492997 
D8GM34-O_Clostridium-G_pheA1-T_Query                                                        7.9365562 8.9999988 8.9999984 6.5751568 5.3743440 6.2853388 7.2761014 7.6443681 7.6823354 7.0486174 7.4204311 7.1253477 7.4558056 7.4972268 7.4972268 7.5165965 8.9999990 8.9999984 8.5535723 7.9710393 7.7531312 4.8003428 5.0340099 8.9999984 8.0077751 8.4521828 8.4492810 8.9999983 8.9999990 8.9999987 8.2008786 2.9642210 0.6657474 0.0000000 2.4908702 2.5995468 2.5995468 2.8004659 6.6262727 7.1398370 2.2228939 2.2870882 2.7214523 2.2094510 2.4957342 2.6201409 3.0947704 3.1427557 
A0A0H2W1J1-O_Yersinia-G_pheA1-T_Query                                                       7.2131504 8.9999990 8.9999989 8.2826781 4.8076618 8.9999989 8.1140032 8.9999989 8.9999989 8.4632215 8.8623295 8.7349759 8.9195132 8.9999980 8.9999980 8.9999982 8.9999985 8.9999981 7.7425994 8.9999981 8.9999988 5.3662918 4.1757343 5.6992893 6.6747982 6.3897029 7.7883895 7.7387369 8.3341254 6.3332407 8.9999986 3.0021478 2.8212008 2.4908702 0.0000000 0.9252963 0.9252963 1.9146692 6.0549458 8.8226372 2.1743014 2.4738558 1.9354255 2.0181647 2.0050641 2.0674149 2.2236054 2.2591025 
A0A649YLQ6-O_Vibrio-G_pheA1-T_Query                                                         7.3469542 9.0000000 8.9999989 6.5712168 4.7876113 8.0605688 7.0351509 8.0604657 8.3590855 7.7635029 7.9413263 7.3926454 7.6520962 7.8980494 7.8980494 7.9141387 8.9999987 8.1591937 6.7286267 7.8707213 8.9999980 5.2984254 4.5053918 4.8803728 6.8447974 6.2713975 7.5607682 8.2120695 8.9999983 6.1403009 7.6087412 2.7554398 2.7315341 2.5995468 0.9252963 0.0000000 0.0000010 2.1620862 5.9460527 8.9999980 2.1754969 2.3534155 1.9122807 2.0656200 1.9889371 1.7667741 2.1026950 2.0867230 
A0A6B8N779-O_Vibrio-G_pheA1-T_Query                                                         7.3469542 9.0000000 8.9999989 6.5712168 4.7876113 8.0605688 7.0351509 8.0604657 8.3590855 7.7635029 7.9413263 7.3926454 7.6520962 7.8980494 7.8980494 7.9141387 8.9999987 8.1591937 6.7286267 7.8707213 8.9999980 5.2984254 4.5053918 4.8803728 6.8447974 6.2713975 7.5607682 8.2120695 8.9999983 6.1403009 7.6087412 2.7554398 2.7315341 2.5995468 0.9252963 0.0000010 0.0000000 2.1620862 5.9460527 8.9999980 2.1754969 2.3534155 1.9122807 2.0656200 1.9889371 1.7667741 2.1026950 2.0867230 
H6LB96-O_Acetobacterium-G_pheA1-T_Query                                                     7.4223244 8.9999983 8.9999990 7.3757733 6.3843838 8.9999989 6.7475347 6.0047989 6.7437615 6.7371007 6.8809646 5.6910062 6.2779072 6.3537183 6.3537183 6.3504619 7.5224196 8.2518310 7.6756181 7.5972275 8.5156510 5.9989197 5.7488613 6.8188208 8.5716705 6.3015451 6.9931472 8.6129685 8.9999985 7.0878421 8.3129647 2.8039251 3.1897329 2.8004659 1.9146692 2.1620862 2.1620862 0.0000000 8.9999984 6.4298681 2.1222157 2.0620592 2.0658718 2.2807120 2.2536920 1.8472603 1.8422845 1.8763032 
A0A1Z1WHA7-O_Streptomyces-G_pheA1-T_Query                                                   5.7055985 6.4431797 8.2722552 9.0000000 5.3804540 3.6536484 5.9743130 4.2128560 4.8951471 5.1542706 5.0515866 4.8803127 4.8073797 4.8508070 4.8508070 4.8437066 7.0459525 4.9874830 5.1290757 5.5590660 5.4017193 3.6331842 5.6125776 8.5853630 5.3972288 5.5429210 6.9267706 8.9999981 8.9999990 8.9999988 3.1493298 6.6150798 5.2919713 6.6262727 6.0549458 5.9460527 5.9460527 8.9999984 0.0000000 0.8629397 6.5360618 8.9441512 6.5188585 6.3624351 5.8292313 5.1835621 7.3274589 6.4437689 
A0A1Z2L2C6-O_Streptomyces-G_pheA1-T_Query                                                   6.0763965 5.7885157 5.8731205 7.6658812 4.0797059 4.1617009 5.3179238 4.4467322 4.7459119 5.2657421 5.3657346 4.4871817 4.3204996 4.3143119 4.3143119 4.3671691 6.0712512 5.0497820 4.1725156 5.9727834 5.5490821 5.8468096 7.2094397 3.5443373 7.7025446 6.5206163 7.4328016 7.6712499 8.9999987 8.9999987 5.5502941 6.2959943 5.6490805 7.1398370 8.8226372 8.9999980 8.9999980 6.4298681 0.8629397 0.0000000 7.0655025 6.5832390 3.6407193 4.4144254 4.3719205 5.6955447 5.8242136 5.2883078 
A0A0D8FTF4-O_Ferrimicrobium-G_pheA1-T_Query                                                 8.6002594 7.7514483 8.9999989 7.2457636 4.7161191 9.0000000 7.5747146 7.6236481 7.3839576 7.0139993 7.1014029 6.8082632 7.0513309 7.3080313 7.3080313 7.2496376 8.8623570 8.1691769 8.4075673 8.4690512 8.4449781 5.4067411 4.2201421 8.0178843 6.7379748 7.6354062 7.8798966 7.9516005 8.9999983 7.9723186 8.9999983 3.0351200 2.3328914 2.2228939 2.1743014 2.1754969 2.1754969 2.1222157 6.5360618 7.0655025 0.0000000 1.2706311 1.7739220 1.5677144 1.5994888 1.7600373 2.0628122 2.0705908 
A0A0D8HMX8-O_Acidithrix-G_pheA1-T_Query                                                     6.5370655 8.9999988 8.1794240 5.5187439 4.9154288 9.0000000 7.4930675 7.7655128 7.2872397 6.9246233 7.3248635 7.2391613 7.3931279 7.7710893 7.7710893 7.7846645 8.9999985 8.9999986 8.5359528 8.9999982 8.9999985 6.7709270 5.0833433 8.9806455 6.6181769 8.9999985 8.7752182 8.9999986 8.9999981 8.9999981 8.7581665 2.7370588 2.2907412 2.2870882 2.4738558 2.3534155 2.3534155 2.0620592 8.9441512 6.5832390 1.2706311 0.0000000 1.8324713 1.6837238 1.7256132 1.9500010 2.1449075 2.1634070 
A0A1D8I5V9-O_Achromobacter-G_pheA1-T_Query                                                  4.7656202 8.1258436 7.6025359 4.7771763 3.6317445 7.6682909 6.2010778 6.3949719 6.4819703 6.4773226 6.5457629 6.2567365 6.6334853 6.9682488 6.9682488 6.9896390 7.4118229 8.1067822 6.5645654 6.7735663 6.6490215 4.1058794 6.1579182 4.5790720 8.9999986 6.4129442 7.3243932 6.8397829 8.9999990 5.3893416 8.9999988 2.4024416 2.7439664 2.7214523 1.9354255 1.9122807 1.9122807 2.0658718 6.5188585 3.6407193 1.7739220 1.8324713 0.0000000 0.8787230 0.9180762 1.4047083 1.5178700 1.5420155 
G2J4Q3-O_Pseudogulbenkiania-G_pheA1-T_Query                                                 5.8013065 8.6149691 8.1811384 4.7240633 3.7156821 6.3266703 7.3909425 7.3382009 7.2858464 6.7670403 6.8940285 6.4240428 6.9604867 7.3119478 7.3119478 7.3132446 8.9999988 8.0955454 7.5681814 7.4939122 8.0332183 3.8407872 4.6929663 4.1263159 7.0282799 7.1823168 8.5290695 7.9221418 8.6619444 4.9897143 7.7809299 2.4224839 2.4212289 2.2094510 2.0181647 2.0656200 2.0656200 2.2807120 6.3624351 4.4144254 1.5677144 1.6837238 0.8787230 0.0000000 0.6785496 1.4580177 1.8874592 1.8866085 
S6CFU2-O_endosymbiont-G_pheA1-T_Query                                                       4.8453321 8.9999981 8.9999987 5.7095822 5.6885951 8.9999982 6.6882208 7.2726921 7.8222332 7.5597953 7.6461743 6.7755759 6.8462239 7.2206009 7.2206009 7.1496734 8.9999984 8.9999984 7.7476289 8.9523060 8.8402708 4.3517569 5.4111389 3.3794825 7.8956492 7.9145096 8.9255683 6.5058245 8.1597655 5.3441670 7.2315499 2.2833193 2.6723109 2.4957342 2.0050641 1.9889371 1.9889371 2.2536920 5.8292313 4.3719205 1.5994888 1.7256132 0.9180762 0.6785496 0.0000000 1.5153532 1.7227234 1.7257458 
A0A1P8F4Y1-O_Dehalogenimonas-G_pheA1-T_Query                                                6.3254922 8.9999982 7.5199335 5.9391524 4.0397888 7.2676951 7.2328562 6.8518522 7.5178843 7.2875398 7.3987933 6.4723541 6.8794293 6.8400213 6.8400213 6.8743634 8.6302029 8.1190124 7.4907334 7.6580726 8.0039541 4.1796701 4.3745112 4.0433860 6.4677838 7.0440372 8.1477127 7.3549187 8.9999987 5.4663041 6.5449254 2.4545891 2.6049056 2.6201409 2.0674149 1.7667741 1.7667741 1.8472603 5.1835621 5.6955447 1.7600373 1.9500010 1.4047083 1.4580177 1.5153532 0.0000000 1.5619015 1.5574546 
A0A410RR89-O_Corallococcus-G_pheA1-T_Query                                                  4.9596170 8.9999987 6.2225212 6.6452101 5.1503446 8.9999983 7.4693876 8.3336249 6.8485116 6.8841778 6.8754652 6.6261444 6.8001474 6.8992332 6.8992332 6.8219597 8.9999989 8.9999987 8.0195653 7.4957773 8.2133217 5.7622112 5.1728000 8.1071033 6.2037882 6.1998213 8.0672373 7.2650434 6.5292604 7.8848334 7.3128274 2.7872998 3.3095039 3.0947704 2.2236054 2.1026950 2.1026950 1.8422845 7.3274589 5.8242136 2.0628122 2.1449075 1.5178700 1.8874592 1.7227234 1.5619015 0.0000000 0.0155983 
H8N089-O_Corallococcus-G_pheA1-T_Query                                                      4.9461962 8.9999989 6.2225212 6.4022717 5.1503446 8.9999983 7.3123504 8.1411133 6.6765473 6.7799540 6.7706461 6.6086730 6.6192735 6.7385625 6.7385625 6.6646223 8.9999989 8.9999989 8.1500209 7.5479733 8.3636635 5.7622112 4.8294686 8.1071033 5.7076037 6.2625024 8.2338053 7.2257222 6.5051163 7.5873121 7.3128274 2.7429616 3.3492997 3.1427557 2.2591025 2.0867230 2.0867230 1.8763032 6.4437689 5.2883078 2.0705908 2.1634070 1.5420155 1.8866085 1.7257458 1.5574546 0.0155983 0.0000000 
