13
Q768T5-O_Gordonia-G_prmA-T_BLAST          0.0000000 0.0802325 0.0845651 0.0861740 2.0722581 2.2037277 3.4355888 3.5293819 3.1976698 3.3293069 2.9900802 3.2154316 3.2154316 
E9RFS9-O_Mycobacterium-G_mimA-T_BLAST     0.0802325 0.0000000 0.0095898 0.0559959 2.0788834 2.1942332 3.4429422 3.5120711 3.2108434 3.2835100 3.0567155 3.1882267 3.1882267 
A0QTU8-O_Mycolicibacterium-G_mimA-T_BLAST 0.0845651 0.0095898 0.0000000 0.0560252 2.0737220 2.1886032 3.4610370 3.5349876 3.1266078 3.2711149 3.0383858 3.1898853 3.1898853 
Q0SJK9-O_Rhodococcus-G_prmA-T_BLAST       0.0861740 0.0559959 0.0560252 0.0000000 2.0677806 2.1686300 3.4268685 3.5343901 3.3891671 3.3150942 3.0910956 3.2259735 3.2259735 
P22869-O_Methylococcus-G_mmoX-T_BLAST     2.0722581 2.0788834 2.0737220 2.0677806 0.0000000 0.2375937 3.4160896 3.5205247 3.8152819 3.3375973 3.3980936 3.3974163 3.3974163 
P27353-O_Methylosinus-G_mmoX-T_BLAST      2.2037277 2.1942332 2.1886032 2.1686300 0.2375937 0.0000000 3.6189811 3.7421693 4.2065046 3.5836897 3.5513985 3.6625426 3.6625426 
P19732-O_Pseudomonas-G_dmpN-T_BLAST       3.4355888 3.4429422 3.4610370 3.4268685 3.4160896 3.6189811 0.0000000 3.2009936 4.0657157 2.9023792 2.8198822 3.2212006 3.2212006 
O87082-O_Xanthobacter-G_xamoA-T_BLAST     3.5293819 3.5120711 3.5349876 3.5343901 3.5205247 3.7421693 3.2009936 0.0000000 2.2823171 1.2336944 1.2136576 1.2686689 1.2686689 
A2SIV5-O_Methylibium-G_tbuA1-T_Query      3.1976698 3.2108434 3.1266078 3.3891671 3.8152819 4.2065046 4.0657157 2.2823171 0.0000000 1.5960967 1.1524497 1.3546541 1.3546541 
Q00456-O_Pseudomonas-G_tmoA-T_BLAST       3.3293069 3.2835100 3.2711149 3.3150942 3.3375973 3.5836897 2.9023792 1.2336944 1.5960967 0.0000000 0.5541877 0.5186418 0.5186418 
A2SDY7-O_Methylibium-G_tbuA1-T_Query      2.9900802 3.0567155 3.0383858 3.0910956 3.3980936 3.5513985 2.8198822 1.2136576 1.1524497 0.5541877 0.0000000 0.4662196 0.4662196 
AAB09618.1-O_Ralstonia-NCBI               3.2154316 3.1882267 3.1898853 3.2259735 3.3974163 3.6625426 3.2212006 1.2686689 1.3546541 0.5186418 0.4662196 0.0000000 0.0000010 
Q51939-O_Ralstonia-G_tbuA1-T_Query        3.2154316 3.1882267 3.1898853 3.2259735 3.3974163 3.6625426 3.2212006 1.2686689 1.3546541 0.5186418 0.4662196 0.0000010 0.0000000 
