42
P94679-O_Comamonas-G_tsaM1-T_BLAST          0.0000000 5.2427611 5.2427611 5.1638981 5.2976409 6.1649654 5.0392992 5.4081850 5.3667617 5.2670635 4.9269261 4.7324700 4.6335520 4.5132942 4.4672915 5.1162763 4.7925828 4.7925828 4.7133402 4.7133402 4.6849357 4.7934406 4.6394371 4.9892895 4.7791000 4.8256276 4.8256276 4.2377885 4.3430764 4.3597969 4.3943725 4.3598120 4.3598120 4.3286080 4.6769151 5.0075984 5.0075984 5.0581499 5.1403445 5.1862433 4.8361384 5.1915642 
P0ABR7-O_Escherichia-G_yeaW-T_BLAST         5.2427611 0.0000000 0.0000010 0.4200676 0.4295294 3.4587133 3.8728126 3.9183510 3.5854913 3.8673194 3.9517640 4.2506139 4.1230782 3.8399702 3.8699567 4.1115094 4.1983394 4.1983394 4.2105188 4.2105188 4.3006074 3.9112856 3.6310306 3.5130133 3.5610661 3.5645668 3.5645668 4.0038805 3.7984478 3.7950747 3.7635347 3.7975510 3.7975510 3.7936804 3.7314545 3.8124167 3.8124167 3.8089572 3.7350130 3.6955401 3.7136425 3.5897750 
P0ABR8-O_Escherichia-G_yeaW-T_BLAST         5.2427611 0.0000010 0.0000000 0.4200676 0.4295294 3.4587133 3.8728126 3.9183510 3.5854913 3.8673194 3.9517640 4.2506139 4.1230782 3.8399702 3.8699567 4.1115094 4.1983394 4.1983394 4.2105188 4.2105188 4.3006074 3.9112856 3.6310306 3.5130133 3.5610661 3.5645668 3.5645668 4.0038805 3.7984478 3.7950747 3.7635347 3.7975510 3.7975510 3.7936804 3.7314545 3.8124167 3.8124167 3.8089572 3.7350130 3.6955401 3.7136425 3.5897750 
F0KFI5-O_Acinetobacter-G_yeaW-T_BLAST       5.1638981 0.4200676 0.4200676 0.0000000 0.0194830 3.6701855 4.1145364 4.1128692 3.8820921 4.2307039 4.7181075 4.3579640 4.2903169 3.7320121 3.7614329 4.1083818 4.3011056 4.3011056 4.3993137 4.3993137 4.4283525 3.6426938 3.5450783 3.3425366 3.4872088 3.5025531 3.5025531 4.2691335 4.2141422 4.2107209 4.2188435 4.2131406 4.2131406 4.2091221 4.1328095 4.2371272 4.2371272 4.1775709 4.3117913 4.2954886 4.1954605 4.3082463 
D0C9N6-O_Acinetobacter-G_cntA-T_BLAST       5.2976409 0.4295294 0.4295294 0.0194830 0.0000000 3.7232257 4.1136599 4.0036093 3.9238054 4.1405886 4.7357986 4.4067036 4.3016002 3.8248392 3.8548776 4.1475815 4.3256271 4.3256271 4.4149551 4.4149551 4.4440495 3.6836716 3.5855326 3.3799457 3.5269769 3.5425620 3.5425620 4.2749177 4.2238668 4.2204543 4.2285937 4.2228649 4.2228649 4.2188548 4.1767076 4.2828556 4.2828556 4.2221328 4.3434223 4.3265746 4.2104452 4.3398993 
Q9X404-O_Methylosulfonomonas-G_msmA-T_BLAST 6.1649654 3.4587133 3.4587133 3.6701855 3.7232257 0.0000000 1.7756159 4.3211080 3.5995122 3.8555381 4.2501488 4.1765716 3.5760565 3.6158004 3.6099726 3.3641800 3.6112550 3.6112550 3.5520780 3.5520780 3.5081231 4.0045105 3.8400039 3.7054160 3.8686438 3.8722073 3.8722073 3.7988729 3.3953612 3.3973966 3.4227531 3.4016364 3.4016364 3.4272079 3.4016515 3.5434159 3.5434159 3.5498323 3.4490719 3.5407659 3.3939087 3.4420248 
Q9RBG5-O_Alcaligenes-G_absAa-T_BLAST        5.0392992 3.8728126 3.8728126 4.1145364 4.1136599 1.7756159 0.0000000 4.2762144 3.4256631 4.0364787 3.7525596 3.6378327 3.5720428 3.0733435 3.0705261 2.9556539 3.1349425 3.1349425 3.1846485 3.1846485 3.1900782 3.6219327 3.4099312 3.4884750 3.5136986 3.5420023 3.5420023 3.4964340 3.3587953 3.3601991 3.3384268 3.3664820 3.3664820 3.3420116 3.2672410 3.3664595 3.3664595 3.3291929 3.3908081 3.4665999 3.0557532 3.0777179 
Q51974-O_Pseudomonas-G_cmtAb-T_BLAST        5.4081850 3.9183510 3.9183510 4.1128692 4.0036093 4.3211080 4.2762144 0.0000000 3.1467630 3.0051642 2.8263936 2.9567465 3.5106108 3.8811702 3.8933710 3.2805850 3.5154232 3.5154232 3.3160933 3.3160933 3.3245007 3.7854090 3.6230903 3.6362882 3.6962672 3.6839227 3.6839227 3.2891312 3.1359057 3.1442972 3.1678441 3.1494600 3.1494600 3.1437095 3.2728621 3.3273594 3.3273594 3.4509246 3.5617111 3.6787196 3.4158470 3.5599222 
O85673-O_Acinetobacter-G_antA-T_BLAST       5.3667617 3.5854913 3.5854913 3.8820921 3.9238054 3.5995122 3.4256631 3.1467630 0.0000000 1.7668705 1.7951323 1.6113260 3.8288816 3.9442589 3.9566557 4.0171994 3.7119963 3.7119963 3.5817523 3.5817523 3.6335127 3.8353041 3.5765748 3.4400214 3.5288975 3.4433283 3.4433283 3.2153547 3.1640187 3.1618693 3.1829837 3.1652762 3.1652762 3.1597649 3.2664680 3.1742848 3.1742848 3.1012038 3.2506385 3.2322537 3.1707398 3.2513540 
Q51601-O_Burkholderia-G_cbdA-T_BLAST        5.2670635 3.8673194 3.8673194 4.2307039 4.1405886 3.8555381 4.0364787 3.0051642 1.7668705 0.0000000 0.9694493 0.9780366 3.8726101 4.0389746 4.0085334 3.8199265 3.6871598 3.6871598 3.7679508 3.7679508 3.8339210 3.5479429 3.5100439 3.4186557 3.4953672 3.4237304 3.4237304 3.3745238 3.4160439 3.4133845 3.4367992 3.4176733 3.4176733 3.3964561 3.5086895 3.4301786 3.4301786 3.5015849 3.5396137 3.5348729 3.7237877 3.6255255 
P07769-O_Acinetobacter-G_benA-T_BLAST       4.9269261 3.9517640 3.9517640 4.7181075 4.7357986 4.2501488 3.7525596 2.8263936 1.7951323 0.9694493 0.0000000 0.6578476 3.8662897 3.4457922 3.3991665 3.8635513 3.4155631 3.4155631 3.5711020 3.5711020 3.6433768 3.6127349 3.3656450 3.3455026 3.3844678 3.3299103 3.3299103 2.9873958 3.0520791 3.0472733 3.0705166 3.0542052 3.0542052 3.0348163 3.0609401 3.2321225 3.2321225 3.2075697 3.1475725 3.1123702 3.1381462 3.1759463 
P23099-O_Pseudomonas-G_xylX-T_BLAST         4.7324700 4.2506139 4.2506139 4.3579640 4.4067036 4.1765716 3.6378327 2.9567465 1.6113260 0.9780366 0.6578476 0.0000000 3.8088564 3.4126180 3.4102610 3.4283234 3.3326393 3.3326393 3.3508568 3.3508568 3.4314973 3.3407950 3.1367975 3.1359362 3.2161923 3.0674146 3.0674146 3.0973073 3.2016738 3.1967307 3.2029648 3.2009853 3.2009853 3.1805733 3.3243961 3.3503377 3.3503377 3.3538893 3.4184607 3.3281075 3.4089226 3.4883227 
O52379-O_Ralstonia-G_nagG-T_BLAST           4.6335520 4.1230782 4.1230782 4.2903169 4.3016002 3.5760565 3.5720428 3.5106108 3.8288816 3.8726101 3.8662897 3.8088564 0.0000000 1.7526974 1.7394953 1.7520610 1.5103905 1.5103905 1.5710975 1.5710975 1.5714407 3.3859752 3.4895349 3.4306163 3.4782035 3.4652671 3.4652671 3.2829139 3.1511998 3.1347342 3.1749161 3.1563955 3.1563955 3.1787152 3.1072986 3.1956177 3.1956177 3.2537002 3.3455590 3.3951450 3.1577692 3.2857380 
Q3C1E3-O_Comamonas-G_tphA2I-T_BLAST         4.5132942 3.8399702 3.8399702 3.7320121 3.8248392 3.6158004 3.0733435 3.8811702 3.9442589 4.0389746 3.4457922 3.4126180 1.7526974 0.0000000 0.0049476 1.2609085 1.2074216 1.2074216 1.2249771 1.2249771 1.2372518 3.3365878 3.4099097 3.3485522 3.3711587 3.4092352 3.4092352 2.9188879 2.9257387 2.8925816 2.9306506 2.9134382 2.9134382 2.8924114 2.7847229 3.1071695 3.1071695 3.0776265 3.1190911 3.1339028 3.0966946 3.0730719 
Q3C1D5-O_Comamonas-G_tphA2II-T_BLAST        4.4672915 3.8699567 3.8699567 3.7614329 3.8548776 3.6099726 3.0705261 3.8933710 3.9566557 4.0085334 3.3991665 3.4102610 1.7394953 0.0049476 0.0000000 1.2604019 1.2070344 1.2070344 1.2174932 1.2174932 1.2297271 3.3065577 3.3789004 3.3182786 3.3403251 3.3783078 3.3783078 2.9337645 2.9404970 2.9072000 2.9454567 2.9281384 2.9281384 2.9070441 2.7876465 3.1100880 3.1100880 3.0805776 3.0920221 3.1067593 3.0979499 3.0903369 
Q84BZ3-O_Burkholderia-G_andAc-T_BLAST       5.1162763 4.1115094 4.1115094 4.1083818 4.1475815 3.3641800 2.9556539 3.2805850 4.0171994 3.8199265 3.8635513 3.4283234 1.7520610 1.2609085 1.2604019 0.0000000 1.0503613 1.0503613 1.0152937 1.0152937 0.9949687 3.3718675 3.4676748 3.3983935 3.5079814 3.4860876 3.4860876 2.9581691 3.0570751 3.0577320 3.0818140 3.0638356 3.0638356 3.0854730 2.9273930 3.1475225 3.1475225 3.1448361 3.2360354 3.2259357 3.0846983 3.1744779 
AGZ63455.1-O_Sphingobium-NCBI               4.7925828 4.1983394 4.1983394 4.3011056 4.3256271 3.6112550 3.1349425 3.5154232 3.7119963 3.6871598 3.4155631 3.3326393 1.5103905 1.2074216 1.2070344 1.0503613 0.0000000 0.0000010 0.2674440 0.2674440 0.2726326 3.6544009 3.7164737 3.6547900 3.8246871 3.8703162 3.8703162 3.0865580 3.0434370 3.0240488 3.0423987 3.0247436 3.0247436 3.0459820 3.1169579 3.3327991 3.3327991 3.1850682 3.2337504 3.2503240 3.0684436 3.2844062 
U5XKS3-O_Sphingobium-G_ahdA1c-T_Query       4.7925828 4.1983394 4.1983394 4.3011056 4.3256271 3.6112550 3.1349425 3.5154232 3.7119963 3.6871598 3.4155631 3.3326393 1.5103905 1.2074216 1.2070344 1.0503613 0.0000010 0.0000000 0.2674440 0.2674440 0.2726326 3.6544009 3.7164737 3.6547900 3.8246871 3.8703162 3.8703162 3.0865580 3.0434370 3.0240488 3.0423987 3.0247436 3.0247436 3.0459820 3.1169579 3.3327991 3.3327991 3.1850682 3.2337504 3.2503240 3.0684436 3.2844062 
D2EAD1-O_Sphingomonas-G_ahdA1c-T_Query      4.7133402 4.2105188 4.2105188 4.3993137 4.4149551 3.5520780 3.1846485 3.3160933 3.5817523 3.7679508 3.5711020 3.3508568 1.5710975 1.2249771 1.2174932 1.0152937 0.2674440 0.2674440 0.0000000 0.0000010 0.0480510 3.6561930 3.8207769 3.5965910 3.7543832 3.6867120 3.6867120 3.0622062 3.0598524 3.0405441 3.0893708 3.0715472 3.0715472 3.0930003 3.0174786 3.3368984 3.3368984 3.2017798 3.3368265 3.3534318 3.2226979 3.4448655 
G6EL41-O_Novosphingobium-G_ahdA1c-T_Query   4.7133402 4.2105188 4.2105188 4.3993137 4.4149551 3.5520780 3.1846485 3.3160933 3.5817523 3.7679508 3.5711020 3.3508568 1.5710975 1.2249771 1.2174932 1.0152937 0.2674440 0.2674440 0.0000010 0.0000000 0.0480510 3.6561930 3.8207769 3.5965910 3.7543832 3.6867120 3.6867120 3.0622062 3.0598524 3.0405441 3.0893708 3.0715472 3.0715472 3.0930003 3.0174786 3.3368984 3.3368984 3.2017798 3.3368265 3.3534318 3.2226979 3.4448655 
Q83VL2-O_Sphingomonas-G_ahdA1c-T_Query      4.6849357 4.3006074 4.3006074 4.4283525 4.4440495 3.5081231 3.1900782 3.3245007 3.6335127 3.8339210 3.6433768 3.4314973 1.5714407 1.2372518 1.2297271 0.9949687 0.2726326 0.2726326 0.0480510 0.0480510 0.0000000 3.6819920 3.8728993 3.7113093 3.8279377 3.7494162 3.7494162 3.0512971 3.0386990 3.0194267 3.0696167 3.0518561 3.0518561 3.0732282 3.0309258 3.3888033 3.3888033 3.2546127 3.3696885 3.3863611 3.2489677 3.4571110 
Q45695-O_Burkholderia-G_dntAc-T_BLAST       4.7934406 3.9112856 3.9112856 3.6426938 3.6836716 4.0045105 3.6219327 3.7854090 3.8353041 3.5479429 3.6127349 3.3407950 3.3859752 3.3365878 3.3065577 3.3718675 3.6544009 3.6544009 3.6561930 3.6561930 3.6819920 0.0000000 0.1687431 0.3207866 0.2839834 0.2903386 0.2903386 1.9202631 1.8948628 1.8851903 1.8981526 1.8972795 1.8972795 1.8954715 2.1082101 2.0618879 2.0618879 2.0969821 2.2927590 2.3088983 2.2379228 2.1623946 
O52382-O_Ralstonia-G_nagAc-T_BLAST          4.6394371 3.6310306 3.6310306 3.5450783 3.5855326 3.8400039 3.4099312 3.6230903 3.5765748 3.5100439 3.3656450 3.1367975 3.4895349 3.4099097 3.3789004 3.4676748 3.7164737 3.7164737 3.8207769 3.8207769 3.8728993 0.1687431 0.0000000 0.1443920 0.1149837 0.1260004 0.1260004 1.9206121 1.9178266 1.9080532 1.9081429 1.9198046 1.9198046 1.9179728 2.0977899 2.0269751 2.0269751 2.0462735 2.1867592 2.2250493 2.1441241 2.0883781 
Q51494-O_Pseudomonas-G_ndoB-T_BLAST         4.9892895 3.5130133 3.5130133 3.3425366 3.3799457 3.7054160 3.4884750 3.6362882 3.4400214 3.4186557 3.3455026 3.1359362 3.4306163 3.3485522 3.3182786 3.3983935 3.6547900 3.6547900 3.5965910 3.5965910 3.7113093 0.3207866 0.1443920 0.0000000 0.1052521 0.1128470 0.1128470 1.9048069 1.8542748 1.8448175 1.8391068 1.8501857 1.8501857 1.8484360 2.0709800 1.9671291 1.9671291 1.9722379 2.0975230 2.1359362 2.0845793 2.0022792 
O07824-O_Pseudomonas-G_ndoB-T_BLAST         4.7791000 3.5610661 3.5610661 3.4872088 3.5269769 3.8686438 3.5136986 3.6962672 3.5288975 3.4953672 3.3844678 3.2161923 3.4782035 3.3711587 3.3403251 3.5079814 3.8246871 3.8246871 3.7543832 3.7543832 3.8279377 0.2839834 0.1149837 0.1052521 0.0000000 0.0427015 0.0427015 1.9487474 1.9160226 1.9062126 1.9066865 1.9183865 1.9183865 1.9165484 2.1247282 2.0260371 2.0260371 2.0543052 2.2266548 2.2656689 2.2101388 2.1397104 
P0A111-O_Pseudomonas-G_doxB-T_BLAST         4.8256276 3.5645668 3.5645668 3.5025531 3.5425620 3.8722073 3.5420023 3.6839227 3.4433283 3.4237304 3.3299103 3.0674146 3.4652671 3.4092352 3.3783078 3.4860876 3.8703162 3.8703162 3.6867120 3.6867120 3.7494162 0.2903386 0.1260004 0.1128470 0.0427015 0.0000000 0.0000010 1.9481373 1.8866783 1.8769362 1.8774794 1.8890276 1.8890276 1.8872092 2.0913781 2.0076544 2.0076544 2.0339353 2.2070072 2.2476380 2.1833024 2.1168546 
P0A110-O_Pseudomonas-G_ndoB-T_BLAST         4.8256276 3.5645668 3.5645668 3.5025531 3.5425620 3.8722073 3.5420023 3.6839227 3.4433283 3.4237304 3.3299103 3.0674146 3.4652671 3.4092352 3.3783078 3.4860876 3.8703162 3.8703162 3.6867120 3.6867120 3.7494162 0.2903386 0.1260004 0.1128470 0.0427015 0.0000010 0.0000000 1.9481373 1.8866783 1.8769362 1.8774794 1.8890276 1.8890276 1.8872092 2.0913781 2.0076544 2.0076544 2.0339353 2.2070072 2.2476380 2.1833024 2.1168546 
Q7N4W0-O_Photorhabdus-G_hcaE-T_BLAST        4.2377885 4.0038805 4.0038805 4.2691335 4.2749177 3.7988729 3.4964340 3.2891312 3.2153547 3.3745238 2.9873958 3.0973073 3.2829139 2.9188879 2.9337645 2.9581691 3.0865580 3.0865580 3.0622062 3.0622062 3.0512971 1.9202631 1.9206121 1.9048069 1.9487474 1.9481373 1.9481373 0.0000000 0.2498631 0.2502918 0.2475468 0.2466048 0.2466048 0.2497418 1.2054761 1.1866125 1.1866125 1.1980610 1.2365170 1.2565949 1.2835456 1.2496517 
Q83K39-O_Shigella-G_hcaE-T_BLAST            4.3430764 3.7984478 3.7984478 4.2141422 4.2238668 3.3953612 3.3587953 3.1359057 3.1640187 3.4160439 3.0520791 3.2016738 3.1511998 2.9257387 2.9404970 3.0570751 3.0434370 3.0434370 3.0598524 3.0598524 3.0386990 1.8948628 1.9178266 1.8542748 1.9160226 1.8866783 1.8866783 0.2498631 0.0000000 0.0046415 0.0069733 0.0046382 0.0046382 0.0069658 1.1624402 1.1656655 1.1656655 1.1628935 1.1831194 1.1967626 1.1667435 1.1615388 
Q0T1Y1-O_Shigella-G_hcaE-T_BLAST            4.3597969 3.7950747 3.7950747 4.2107209 4.2204543 3.3973966 3.3601991 3.1442972 3.1618693 3.4133845 3.0472733 3.1967307 3.1347342 2.8925816 2.9072000 3.0577320 3.0240488 3.0240488 3.0405441 3.0405441 3.0194267 1.8851903 1.9080532 1.8448175 1.9062126 1.8769362 1.8769362 0.2502918 0.0046415 0.0000000 0.0069886 0.0046484 0.0046484 0.0069811 1.1721985 1.1757317 1.1757317 1.1728907 1.1933575 1.2070507 1.1678740 1.1713531 
Q31XV2-O_Shigella-G_hcaE-T_BLAST            4.3943725 3.7635347 3.7635347 4.2188435 4.2285937 3.4227531 3.3384268 3.1678441 3.1829837 3.4367992 3.0705166 3.2029648 3.1749161 2.9306506 2.9454567 3.0818140 3.0423987 3.0423987 3.0893708 3.0893708 3.0696167 1.8981526 1.9081429 1.8391068 1.9066865 1.8774794 1.8774794 0.2475468 0.0069733 0.0069886 0.0000000 0.0023193 0.0023193 0.0046443 1.1792028 1.1829720 1.1829720 1.1800708 1.1968101 1.2105634 1.1755191 1.1701311 
Q3YZ15-O_Shigella-G_hcaE-T_BLAST            4.3598120 3.7975510 3.7975510 4.2131406 4.2228649 3.4016364 3.3664820 3.1494600 3.1652762 3.4176733 3.0542052 3.2009853 3.1563955 2.9134382 2.9281384 3.0638356 3.0247436 3.0247436 3.0715472 3.0715472 3.0518561 1.8972795 1.9198046 1.8501857 1.9183865 1.8890276 1.8890276 0.2466048 0.0046382 0.0046484 0.0023193 0.0000000 0.0000010 0.0023169 1.1684431 1.1718608 1.1718608 1.1690437 1.1855006 1.1991601 1.1645573 1.1594011 
P0ABR5-O_Escherichia-G_hcaE-T_BLAST         4.3598120 3.7975510 3.7975510 4.2131406 4.2228649 3.4016364 3.3664820 3.1494600 3.1652762 3.4176733 3.0542052 3.2009853 3.1563955 2.9134382 2.9281384 3.0638356 3.0247436 3.0247436 3.0715472 3.0715472 3.0518561 1.8972795 1.9198046 1.8501857 1.9183865 1.8890276 1.8890276 0.2466048 0.0046382 0.0046484 0.0023193 0.0000010 0.0000000 0.0023169 1.1684431 1.1718608 1.1718608 1.1690437 1.1855006 1.1991601 1.1645573 1.1594011 
A8A344-O_Escherichia-G_hcaE-T_BLAST         4.3286080 3.7936804 3.7936804 4.2091221 4.2188548 3.4272079 3.3420116 3.1437095 3.1597649 3.3964561 3.0348163 3.1805733 3.1787152 2.8924114 2.9070441 3.0854730 3.0459820 3.0459820 3.0930003 3.0930003 3.0732282 1.8954715 1.9179728 1.8484360 1.9165484 1.8872092 1.8872092 0.2497418 0.0069658 0.0069811 0.0046443 0.0023169 0.0023169 0.0000000 1.1754059 1.1790458 1.1790458 1.1761781 1.1927957 1.2064980 1.1716554 1.1663561 
Q53122-O_Rhodococcus-G_bphA1-T_BLAST        4.6769151 3.7314545 3.7314545 4.1328095 4.1767076 3.4016515 3.2672410 3.2728621 3.2664680 3.5086895 3.0609401 3.3243961 3.1072986 2.7847229 2.7876465 2.9273930 3.1169579 3.1169579 3.0174786 3.0174786 3.0309258 2.1082101 2.0977899 2.0709800 2.1247282 2.0913781 2.0913781 1.2054761 1.1624402 1.1721985 1.1792028 1.1684431 1.1684431 1.1754059 0.0000000 0.3148315 0.3148315 0.3464085 0.5037498 0.5040708 0.5419134 0.5216691 
P0C618-O_Pseudomonas-G_bnzA-T_BLAST         5.0075984 3.8124167 3.8124167 4.2371272 4.2828556 3.5434159 3.3664595 3.3273594 3.1742848 3.4301786 3.2321225 3.3503377 3.1956177 3.1071695 3.1100880 3.1475225 3.3327991 3.3327991 3.3368984 3.3368984 3.3888033 2.0618879 2.0269751 1.9671291 2.0260371 2.0076544 2.0076544 1.1866125 1.1656655 1.1757317 1.1829720 1.1718608 1.1718608 1.1790458 0.3148315 0.0000000 0.0000010 0.0873735 0.5500095 0.5662939 0.5736793 0.5196666 
A5W4F2-O_Pseudomonas-G_bnzA-T_BLAST         5.0075984 3.8124167 3.8124167 4.2371272 4.2828556 3.5434159 3.3664595 3.3273594 3.1742848 3.4301786 3.2321225 3.3503377 3.1956177 3.1071695 3.1100880 3.1475225 3.3327991 3.3327991 3.3368984 3.3368984 3.3888033 2.0618879 2.0269751 1.9671291 2.0260371 2.0076544 2.0076544 1.1866125 1.1656655 1.1757317 1.1829720 1.1718608 1.1718608 1.1790458 0.3148315 0.0000010 0.0000000 0.0873735 0.5500095 0.5662939 0.5736793 0.5196666 
Q07944-O_Pseudomonas-G_bedC1-T_BLAST        5.0581499 3.8089572 3.8089572 4.1775709 4.2221328 3.5498323 3.3291929 3.4509246 3.1012038 3.5015849 3.2075697 3.3538893 3.2537002 3.0776265 3.0805776 3.1448361 3.1850682 3.1850682 3.2017798 3.2017798 3.2546127 2.0969821 2.0462735 1.9722379 2.0543052 2.0339353 2.0339353 1.1980610 1.1628935 1.1728907 1.1800708 1.1690437 1.1690437 1.1761781 0.3464085 0.0873735 0.0873735 0.0000000 0.5571791 0.5712882 0.5603215 0.5284114 
Q52028-O_Pseudomonas-G_bphA-T_BLAST         5.1403445 3.7350130 3.7350130 4.3117913 4.3434223 3.4490719 3.3908081 3.5617111 3.2506385 3.5396137 3.1475725 3.4184607 3.3455590 3.1190911 3.0920221 3.2360354 3.2337504 3.2337504 3.3368265 3.3368265 3.3696885 2.2927590 2.1867592 2.0975230 2.2266548 2.2070072 2.2070072 1.2365170 1.1831194 1.1933575 1.1968101 1.1855006 1.1855006 1.1927957 0.5037498 0.5500095 0.5500095 0.5571791 0.0000000 0.0480084 0.3202618 0.3084251 
P37333-O_Paraburkholderia-G_bphA-T_BLAST    5.1862433 3.6955401 3.6955401 4.2954886 4.3265746 3.5407659 3.4665999 3.6787196 3.2322537 3.5348729 3.1123702 3.3281075 3.3951450 3.1339028 3.1067593 3.2259357 3.2503240 3.2503240 3.3534318 3.3534318 3.3863611 2.3088983 2.2250493 2.1359362 2.2656689 2.2476380 2.2476380 1.2565949 1.1967626 1.2070507 1.2105634 1.1991601 1.1991601 1.2064980 0.5040708 0.5662939 0.5662939 0.5712882 0.0480084 0.0000000 0.3483943 0.3302501 
Q52438-O_Pseudomonas-G_bphA1-T_BLAST        4.8361384 3.7136425 3.7136425 4.1954605 4.2104452 3.3939087 3.0557532 3.4158470 3.1707398 3.7237877 3.1381462 3.4089226 3.1577692 3.0966946 3.0979499 3.0846983 3.0684436 3.0684436 3.2226979 3.2226979 3.2489677 2.2379228 2.1441241 2.0845793 2.2101388 2.1833024 2.1833024 1.2835456 1.1667435 1.1678740 1.1755191 1.1645573 1.1645573 1.1716554 0.5419134 0.5736793 0.5736793 0.5603215 0.3202618 0.3483943 0.0000000 0.2211361 
Q46372-O_Comamonas-G_bphA-T_BLAST           5.1915642 3.5897750 3.5897750 4.3082463 4.3398993 3.4420248 3.0777179 3.5599222 3.2513540 3.6255255 3.1759463 3.4883227 3.2857380 3.0730719 3.0903369 3.1744779 3.2844062 3.2844062 3.4448655 3.4448655 3.4571110 2.1623946 2.0883781 2.0022792 2.1397104 2.1168546 2.1168546 1.2496517 1.1615388 1.1713531 1.1701311 1.1594011 1.1594011 1.1663561 0.5216691 0.5196666 0.5196666 0.5284114 0.3084251 0.3302501 0.2211361 0.0000000 
