13
D4Z0A1-O_Sphingobium-G_tomA1-T_Query      0.0000000 0.8673153 0.8658250 4.3638426 4.3716340 4.3508569 4.3390449 4.9579676 4.9343614 5.3421975 5.9915220 4.7289143 5.4025478 
Q1LNR3-O_Cupriavidus-G_tomA1-T_Query      0.8673153 0.0000000 0.0121851 4.3861286 4.3302462 4.3409072 4.5145382 5.0763699 5.4588017 4.6406213 4.6392001 3.7088806 4.3302343 
Q9ANX4-O_Burkholderia-G_tomA1-T_Query     0.8658250 0.0121851 0.0000000 4.3994650 4.3434960 4.3541933 4.5284553 5.0958564 5.4797377 4.5890220 4.5948718 3.6979321 4.3176891 
Q768T5-O_Gordonia-G_prmA-T_BLAST          4.3638426 4.3861286 4.3994650 0.0000000 0.0787841 0.0829918 0.0775111 1.8431366 1.9599974 3.2764578 2.9985039 3.0393185 3.2419837 
E9RFS9-O_Mycobacterium-G_mimA-T_BLAST     4.3716340 4.3302462 4.3434960 0.0787841 0.0000000 0.0095781 0.0511839 1.8392930 1.9607189 3.3087337 3.0052239 3.0027105 3.2382770 
A0QTU8-O_Mycolicibacterium-G_mimA-T_BLAST 4.3508569 4.3409072 4.3541933 0.0829918 0.0095781 0.0000000 0.0511955 1.8393485 1.9606776 3.3397035 3.0211243 3.0062675 3.2488203 
Q0SJK9-O_Rhodococcus-G_prmA-T_BLAST       4.3390449 4.5145382 4.5284553 0.0775111 0.0511839 0.0511955 0.0000000 1.8297908 1.9478367 3.3609735 3.0014464 3.0406803 3.2418111 
P22869-O_Methylococcus-G_mmoX-T_BLAST     4.9579676 5.0763699 5.0958564 1.8431366 1.8392930 1.8393485 1.8297908 0.0000000 0.2272321 3.3165211 3.2324100 3.1807655 3.1403139 
P27353-O_Methylosinus-G_mmoX-T_BLAST      4.9343614 5.4588017 5.4797377 1.9599974 1.9607189 1.9606776 1.9478367 0.2272321 0.0000000 3.3397355 3.2151086 3.2998776 3.3036329 
AAK07411.1-O_Burkholderia-NCBI            5.3421975 4.6406213 4.5890220 3.2764578 3.3087337 3.3397035 3.3609735 3.3165211 3.3397355 0.0000000 0.5190311 2.6314200 2.8103816 
P19732-O_Pseudomonas-G_dmpN-T_BLAST       5.9915220 4.6392001 4.5948718 2.9985039 3.0052239 3.0211243 3.0014464 3.2324100 3.2151086 0.5190311 0.0000000 2.5189330 2.7603937 
Q00456-O_Pseudomonas-G_tmoA-T_BLAST       4.7289143 3.7088806 3.6979321 3.0393185 3.0027105 3.0062675 3.0406803 3.1807655 3.2998776 2.6314200 2.5189330 0.0000000 1.1106428 
O87082-O_Xanthobacter-G_xamoA-T_BLAST     5.4025478 4.3302343 4.3176891 3.2419837 3.2382770 3.2488203 3.2418111 3.1403139 3.3036329 2.8103816 2.7603937 1.1106428 0.0000000 
