64
Q768T5-O_Gordonia-G_prmA-T_BLAST                0.0000000 0.0863666 0.0915937 0.0918351 2.9546166 3.0410174 4.9026044 5.0597472 5.0401754 4.9358444 4.6892296 4.9850927 4.8301751 4.6862979 5.0828313 4.7835354 4.8967656 5.0009893 4.9437785 4.9079285 5.1777173 4.8082578 5.0500753 5.0087813 5.0196659 5.0195282 4.9954236 4.9183211 4.9793953 4.9259741 6.3432173 3.8985440 4.6160451 4.9824624 4.7585807 4.7557951 4.4849017 4.7474348 4.4197896 4.6032449 4.5630359 4.5723048 4.5674054 4.5310928 4.6157332 4.4114480 4.2442573 4.1746109 4.2053486 4.5126338 4.5676404 6.2443124 4.3126228 4.4645181 4.0649162 4.3412507 4.3853640 4.3166580 4.3166580 4.1569133 4.2145555 4.2380833 4.2380833 4.1834412 
E9RFS9-O_Mycobacterium-G_mimA-T_BLAST           0.0863666 0.0000000 0.0096671 0.0616184 2.9404589 3.0640815 4.9489060 5.0159324 4.9818349 5.0140389 4.8155805 4.9686581 4.7845098 4.7287636 5.1300306 4.7477717 4.8959268 4.9316713 4.8920894 4.8787397 5.2327835 4.8391600 5.0527694 5.0115271 4.9963878 4.9962455 4.9434874 4.9336474 4.8525335 4.9289005 6.2323365 3.8834175 4.6189802 5.1317752 4.9044184 4.8008940 4.4970413 4.7355216 4.4524269 4.6279980 4.5726807 4.5221370 4.6008144 4.5850136 4.5462202 4.4619875 4.3916693 4.3528025 4.3856598 4.5528115 4.6013686 6.0221223 4.3952073 4.4910723 4.0295138 4.3159241 4.3756140 4.3069543 4.3069543 4.1424301 4.2853217 4.1999526 4.1999526 4.1938409 
A0QTU8-O_Mycolicibacterium-G_mimA-T_BLAST       0.0915937 0.0096671 0.0000000 0.0612934 2.9551302 3.0521882 4.9309838 5.0637923 5.0464525 5.1349971 4.9186749 5.0682325 4.8783518 4.8025669 5.1874041 4.7940250 4.9261583 4.9912148 4.9076607 4.9188956 5.3562915 4.9495922 5.1318574 5.1318574 5.1067617 5.1066428 5.0063340 5.0172303 4.8816300 4.9805723 6.3212821 3.8446705 4.6574450 5.1461007 4.8686977 4.7902091 4.5275990 4.7257609 4.4232762 4.6628029 4.5871590 4.5363785 4.6154064 4.5995765 4.6262613 4.5185281 4.3342441 4.2957357 4.3493493 4.5512631 4.5997484 6.3561807 4.4169261 4.5171148 4.0525116 4.3421871 4.3973777 4.3282469 4.3282469 4.1641897 4.2414976 4.2679785 4.2679785 4.2619477 
Q0SJK9-O_Rhodococcus-G_prmA-T_BLAST             0.0918351 0.0616184 0.0612934 0.0000000 2.9446911 3.0040723 4.9944363 5.1639495 5.1440381 5.1827151 4.9668886 5.1859215 4.9698892 4.8739608 5.2220338 4.8943567 4.9970251 5.0311752 4.9712686 4.9776766 5.3049543 5.0059485 5.1510655 5.1510655 5.1467010 5.1465907 5.0468954 5.1030982 4.9906740 5.0716811 6.6156038 3.8866372 4.6631252 5.0780287 4.8581913 4.8165462 4.5748210 4.6716188 4.5291415 4.6923078 4.5552920 4.6401882 4.6612354 4.6390107 4.6710966 4.5337597 4.3470368 4.3082863 4.3623085 4.5844655 4.6285381 6.7014659 4.4189626 4.5598216 4.1687973 4.4525403 4.5036514 4.4223282 4.4223282 4.2650291 4.3305328 4.2943096 4.2943096 4.3050577 
P22869-O_Methylococcus-G_mmoX-T_BLAST           2.9546166 2.9404589 2.9551302 2.9446911 0.0000000 0.3166042 4.9149126 5.0154610 5.0936536 4.8088726 4.7911002 5.0533215 4.8490748 4.9049696 5.0682293 4.7189707 4.8836773 4.7454596 4.6370027 4.7461305 5.1099136 4.8189059 4.8709527 4.8779659 5.0545868 5.0406739 4.8942367 4.9823338 4.5944888 4.8518972 5.9238418 5.4021229 5.0366500 5.0625971 5.5117265 5.8054681 5.1252140 5.1315150 4.8208880 5.1675092 5.0254394 4.9058264 4.9108144 4.9227685 5.6810672 4.9278631 5.0758183 5.0383598 5.0448172 4.9170635 4.9513832 4.8092592 5.0454413 5.0756670 4.7894690 4.9151234 4.9114410 4.9201108 4.9201108 4.6925439 5.2378388 4.9437595 4.9437595 4.9365619 
P27353-O_Methylosinus-G_mmoX-T_BLAST            3.0410174 3.0640815 3.0521882 3.0040723 0.3166042 0.0000000 4.7479104 5.4857510 5.6011187 4.6817499 4.6189245 5.2632671 5.4158393 5.4612225 5.3057837 4.9290793 5.2176830 5.1894057 5.1629997 5.0725319 5.4566229 5.0181466 4.9264444 4.9335162 5.1528537 5.1384470 5.0796495 5.1142155 4.8610639 5.1461752 6.3260834 5.3137379 5.3559486 5.4222087 5.3478389 5.5940542 5.1876374 5.4833766 4.8500901 5.1669147 5.1329376 5.0896684 4.9518909 5.0493496 5.5254380 4.8871290 5.1315016 5.0943110 5.0943110 5.0897606 5.1176608 5.4420939 5.2909961 5.2655533 5.1009636 5.1179750 5.1690688 5.1457017 5.1457017 5.0009744 5.3536544 5.3196896 5.3196896 5.1917309 
A0A0U5BC15-O_Aneurinibacillus-G_tmoA-T_Query    4.9026044 4.9489060 4.9309838 4.9944363 4.9149126 4.7479104 0.0000000 1.5024225 1.5277904 1.4036020 1.4792420 1.5519149 1.6642598 1.5978097 1.5562870 1.4480318 1.4183857 1.4315951 1.4737730 1.4221544 1.4191569 1.4101783 1.4351366 1.4388174 1.4072385 1.4001912 1.4447419 1.4282235 1.3943856 1.3649225 5.7172121 3.5178474 4.0530857 3.8392087 4.0729586 4.1124103 3.7225835 3.8064996 3.8753115 4.0313735 4.0389761 3.9441256 3.8814366 3.8961770 3.9986028 3.6382516 3.7330656 3.8086874 3.8347637 4.0084621 3.9968821 4.1492355 4.1330599 4.0323471 4.1202758 4.1035211 4.0664845 4.0713978 4.0713978 4.0670691 3.8691982 3.8755438 3.8755438 3.7918006 
A0A554WMK9-O_Tepidimonas-G_tmoA-T_Query         5.0597472 5.0159324 5.0637923 5.1639495 5.0154610 5.4857510 1.5024225 0.0000000 0.0479639 0.6633054 0.7066273 0.6665680 0.6308701 0.6225674 0.6605541 0.5719662 0.6398512 0.6444761 0.6635430 0.6410172 0.6848466 0.5736887 0.6459456 0.6466779 0.6863525 0.6766190 0.7123167 0.6879473 0.5528840 0.5426850 5.2967240 3.9531431 4.4016721 4.0955747 4.4256311 4.3159061 3.7598451 4.2545920 4.0705332 4.3001744 4.3583470 4.3206895 4.2417482 4.2622698 4.3562360 4.3313948 3.9125117 3.9682470 3.9537001 4.1192350 4.1171612 3.5555005 4.1662476 4.2642682 4.3045056 4.3357421 4.3490642 4.3210863 4.3210863 4.2337519 4.2770662 4.1497350 4.1497350 4.1155926 
A0A554WZ25-O_Tepidimonas-G_tmoA-T_Query         5.0401754 4.9818349 5.0464525 5.1440381 5.0936536 5.6011187 1.5277904 0.0479639 0.0000000 0.6656450 0.7091779 0.6780212 0.6462927 0.6482333 0.6890715 0.5952086 0.6607668 0.6755208 0.6823271 0.6706338 0.7137049 0.5832819 0.6622170 0.6578457 0.6971586 0.6875506 0.7335148 0.7042102 0.5640469 0.5679361 5.4114442 4.0210657 4.5088686 4.1170760 4.5266970 4.4697236 3.8554941 4.3391506 4.1479394 4.3496863 4.4163451 4.3807625 4.2967510 4.3175776 4.3676847 4.3800323 4.0131747 4.0699780 4.0548837 4.1605441 4.1584082 3.7008384 4.2229452 4.3148811 4.3801979 4.3966645 4.4112534 4.3829072 4.3829072 4.2972949 4.2999104 4.1614765 4.1614765 4.1774153 
A0A246K891-O_Brevundimonas-G_tmoA-T_Query       4.9358444 5.0140389 5.1349971 5.1827151 4.8088726 4.6817499 1.4036020 0.6633054 0.6656450 0.0000000 0.0881385 0.6493649 0.6919908 0.6926774 0.6996512 0.5867490 0.6190029 0.6595492 0.6772756 0.6566202 0.6511139 0.5662192 0.5837538 0.5836272 0.5878111 0.5920553 0.5814642 0.5820357 0.5317360 0.5925841 5.4646589 3.4355369 4.4195874 4.0825463 4.4787917 4.5771885 3.6875240 4.0774386 4.0246305 4.3740831 4.4208139 4.4083742 4.1646232 4.2190418 4.1520678 3.9524167 3.8016152 3.8666474 3.9033829 4.1040458 4.0911685 4.4099662 4.0936097 4.3269642 4.3932167 4.1822156 4.1596925 4.1579415 4.1579415 4.2077609 3.9874817 3.9183819 3.9183819 3.9715168 
A0A4P1KFW9-O_Brevundimonas-G_tmoA-T_Query       4.6892296 4.8155805 4.9186749 4.9668886 4.7911002 4.6189245 1.4792420 0.7066273 0.7091779 0.0881385 0.0000000 0.6544758 0.6891965 0.6974597 0.6980416 0.6333857 0.6381794 0.6687063 0.6893026 0.6892475 0.7006744 0.6401574 0.6534791 0.6532093 0.6485720 0.6534255 0.6634681 0.6594453 0.5936551 0.6295499 5.9345640 3.4778638 4.4645821 3.7468602 4.4286606 4.4313093 3.9710732 4.0202604 3.8677578 4.2703086 4.2220111 4.2178610 4.0757146 4.1646309 4.1906479 3.9640392 3.7129676 3.8312567 3.8713353 3.8890210 3.8870830 4.0341521 3.9442366 4.1088171 4.1819405 4.0053199 3.9925358 3.9903835 3.9903835 4.0183362 3.9070195 3.8131765 3.8131765 3.8024893 
A0A4P6WCX8-O_Marinobacter-G_tmoA-T_Query        4.9850927 4.9686581 5.0682325 5.1859215 5.0533215 5.2632671 1.5519149 0.6665680 0.6780212 0.6493649 0.6544758 0.0000000 0.1597202 0.1734907 0.2967349 0.2899484 0.3497304 0.3545380 0.3530710 0.3166671 0.5445986 0.4304474 0.4500207 0.4474791 0.4648195 0.4686068 0.4709745 0.4737555 0.6216378 0.5271118 5.1177197 3.5782100 4.3460649 3.9885447 4.2418023 4.4726319 3.8333961 4.0546609 3.9751589 4.2670764 4.2771101 4.3273254 3.9699003 4.2116500 4.1541335 3.9022170 3.7373191 3.7689543 3.8002851 4.0420577 4.0561907 4.4503777 4.0988483 4.3351543 4.2612058 4.2969201 4.2335426 4.2350657 4.2350657 4.2272362 4.0789855 4.0285591 4.0285591 3.9995750 
A0A1W6KF07-O_Marinobacter-G_tmoA-T_Query        4.8301751 4.7845098 4.8783518 4.9698892 4.8490748 5.4158393 1.6642598 0.6308701 0.6462927 0.6919908 0.6891965 0.1597202 0.0000000 0.0908614 0.3087241 0.2970710 0.4003238 0.4056097 0.3978162 0.3637957 0.5285048 0.4167754 0.4238816 0.4224609 0.4547101 0.4584457 0.4764892 0.4687592 0.6661994 0.5441102 4.8272610 3.5629993 4.3694476 4.0024305 4.2228854 4.3618439 3.8347504 4.1777452 3.8011406 4.3453519 4.2716848 4.3391984 4.0644040 4.1995703 4.1191780 3.8041924 3.6698867 3.6750601 3.6968246 4.0178886 4.0164658 3.6008387 4.0394249 4.2471138 4.1735062 4.1918323 4.1256031 4.1234587 4.1234587 4.1333247 4.1068634 3.9409754 3.9409754 3.9261380 
A0A3M2RKM8-O_Marinobacter-G_tmoA-T_Query        4.6862979 4.7287636 4.8025669 4.8739608 4.9049696 5.4612225 1.5978097 0.6225674 0.6482333 0.6926774 0.6974597 0.1734907 0.0908614 0.0000000 0.3208558 0.3104239 0.3845698 0.3907840 0.4028230 0.3618508 0.5252838 0.4471647 0.4442842 0.4428135 0.4815116 0.4853355 0.4846214 0.4855033 0.6302336 0.5299625 4.7814319 3.5445791 4.2322095 3.9018269 4.2106715 4.2109356 3.8180641 4.0029483 3.8745011 4.2306603 4.1701691 4.1857067 3.8930572 4.0976732 4.1096829 3.7068283 3.5261880 3.5964506 3.6257066 4.0004446 4.0018744 3.6408671 3.9942146 4.1665308 4.0948934 4.1632195 4.0951019 4.0760100 4.0760100 4.0869413 4.0573023 3.9525236 3.9525236 3.9672664 
P19732-O_Pseudomonas-G_dmpN-T_BLAST             5.0828313 5.1300306 5.1874041 5.2220338 5.0682293 5.3057837 1.5562870 0.6605541 0.6890715 0.6996512 0.6980416 0.2967349 0.3087241 0.3208558 0.0000000 0.2147453 0.2912784 0.3092383 0.3133086 0.2732876 0.5229282 0.4269684 0.4596640 0.4598806 0.4643893 0.4656586 0.4894115 0.4822963 0.6457359 0.5700379 5.0047587 3.3653712 4.2140309 3.9226819 4.2139863 4.5907428 3.7833829 4.0566010 3.7523748 4.2330029 3.9994120 4.0525340 3.8330347 4.0027168 4.1812306 3.7344882 3.5717115 3.5739024 3.5614005 3.8545882 3.8598289 4.2587423 3.9775178 4.0615474 4.1293553 4.1095616 4.0625927 4.0580208 4.0580208 4.0344612 4.0216828 4.0376395 4.0376395 4.0733777 
A0A127MRZ3-O_Pseudomonas-G_tmoA-T_Query         4.7835354 4.7477717 4.7940250 4.8943567 4.7189707 4.9290793 1.4480318 0.5719662 0.5952086 0.5867490 0.6333857 0.2899484 0.2970710 0.3104239 0.2147453 0.0000000 0.1564696 0.1537560 0.1609508 0.1562837 0.4601302 0.3572977 0.3800426 0.3800734 0.3742953 0.3777837 0.3840143 0.3784217 0.5502410 0.4916695 4.9655657 3.3715333 3.9786423 3.5956631 3.9453308 4.2087283 3.6247021 3.9237626 3.6309197 3.9763562 3.8325366 3.8762930 3.7478127 3.8068803 4.1287540 3.8326345 3.5724807 3.6032163 3.6326845 3.8200679 3.8183658 3.4683238 3.7177362 3.8926243 3.8515822 3.8496391 3.8504086 3.8466005 3.8466005 3.8239307 3.8254235 3.7660816 3.7660816 3.7519748 
A0A5E7FTR4-O_Pseudomonas-G_tmoA-T_Query         4.8967656 4.8959268 4.9261583 4.9970251 4.8836773 5.2176830 1.4183857 0.6398512 0.6607668 0.6190029 0.6381794 0.3497304 0.4003238 0.3845698 0.2912784 0.1564696 0.0000000 0.0484887 0.0681267 0.0658221 0.5181128 0.4036771 0.4129296 0.4130348 0.4335343 0.4372088 0.4248718 0.4215494 0.5773500 0.5966523 5.2718880 3.2399042 4.0369153 3.8010664 3.9687160 4.2178374 3.6889411 4.0736476 3.7706234 4.0669587 3.9776531 4.0038806 3.8247535 3.9021250 4.1528310 3.8229206 3.5895246 3.6268636 3.6564467 3.7923330 3.7731366 3.5991705 3.7366541 3.8866769 3.9668770 3.9434728 3.8934133 3.8888237 3.8888237 3.9005927 3.8317554 3.8003827 3.8003827 3.7681953 
A0A5E7M8D2-O_Pseudomonas-G_tmoA-T_Query         5.0009893 4.9316713 4.9912148 5.0311752 4.7454596 5.1894057 1.4315951 0.6444761 0.6755208 0.6595492 0.6687063 0.3545380 0.4056097 0.3907840 0.3092383 0.1537560 0.0484887 0.0000000 0.0271394 0.0303860 0.5444553 0.4267554 0.4225134 0.4226414 0.4348868 0.4385689 0.4271821 0.4298513 0.5850473 0.6201883 5.6379974 3.1695573 4.1398743 3.8138206 3.9981216 4.2727451 3.7582360 4.0486655 3.8484193 4.1562864 4.0630386 4.0889067 3.9405652 3.9891546 4.2595920 3.9529590 3.6645145 3.7136452 3.7440341 3.8190358 3.7997042 3.6878395 3.7667177 3.9184221 3.9666071 3.9491521 3.8991252 3.8945479 3.8945479 3.8840398 3.9807326 3.8782895 3.8782895 3.8564485 
A0A5E7BZ46-O_Pseudomonas-G_tmoA-T_Query         4.9437785 4.8920894 4.9076607 4.9712686 4.6370027 5.1629997 1.4737730 0.6635430 0.6823271 0.6772756 0.6893026 0.3530710 0.3978162 0.4028230 0.3133086 0.1609508 0.0681267 0.0271394 0.0000000 0.0238964 0.5574137 0.4455561 0.4454508 0.4456335 0.4448891 0.4486031 0.4357643 0.4355220 0.5982535 0.6052933 5.4714752 3.1695573 4.1293696 3.7315823 3.9723540 4.2723426 3.7744110 3.9967295 3.8337487 4.1174021 4.0305269 4.0760782 3.9216874 3.9603848 4.1851769 3.9643612 3.6941707 3.7437924 3.7744563 3.8778020 3.8811896 3.7701569 3.8335935 3.9893739 4.0570215 4.0234905 3.9652766 3.9676450 3.9676450 3.9635526 3.9823154 3.9024672 3.9024672 3.8793969 
A0A5E7R278-O_Pseudomonas-G_tmoA-T_Query         4.9079285 4.8787397 4.9188956 4.9776766 4.7461305 5.0725319 1.4221544 0.6410172 0.6706338 0.6566202 0.6892475 0.3166671 0.3637957 0.3618508 0.2732876 0.1562837 0.0658221 0.0303860 0.0238964 0.0000000 0.5372968 0.4272771 0.4327638 0.4329163 0.4286389 0.4322982 0.4229375 0.4285121 0.6004396 0.5688053 5.1875530 3.2069946 4.1728995 3.6566733 3.9418391 4.1981012 3.7592932 3.9190061 3.8740133 4.1418310 4.0384249 4.0608551 3.8905348 4.0069686 4.2034980 3.9468938 3.6772041 3.6959591 3.7262704 3.9014060 3.8996103 3.9095408 3.8925517 3.9944994 4.0408834 4.0689551 4.0164387 4.0118366 4.0118366 4.0116807 3.9509887 3.9297503 3.9297503 3.8909365 
W2UHD9-O_Gammaproteobacteria-G_tmoA-T_Query     5.1777173 5.2327835 5.3562915 5.3049543 5.1099136 5.4566229 1.4191569 0.6848466 0.7137049 0.6511139 0.7006744 0.5445986 0.5285048 0.5252838 0.5229282 0.4601302 0.5181128 0.5444553 0.5574137 0.5372968 0.0000000 0.3057007 0.3381157 0.3368868 0.3545775 0.3512039 0.3597872 0.3535375 0.5737324 0.5261863 5.0024115 3.7348355 4.0887608 3.8745772 4.3576108 4.5294036 3.5754000 3.8840404 3.6931878 4.1661662 4.0245973 4.0919710 3.7245071 3.9694683 4.0562351 4.1375454 3.7813513 3.7912295 3.7889659 3.9412053 3.9393378 4.1569578 4.0994445 4.2057789 4.2172504 4.2855754 4.2701653 4.2735764 4.2735764 4.1640489 4.2396391 3.9371578 3.9371578 3.8879789 
W9VND5-O_Nitrincola-G_tmoA-T_Query              4.8082578 4.8391600 4.9495922 5.0059485 4.8189059 5.0181466 1.4101783 0.5736887 0.5832819 0.5662192 0.6401574 0.4304474 0.4167754 0.4471647 0.4269684 0.3572977 0.4036771 0.4267554 0.4455561 0.4272771 0.3057007 0.0000000 0.1463307 0.1455678 0.2111482 0.2100201 0.2222635 0.2116062 0.5400718 0.4199343 4.7327488 3.5446132 3.9637788 3.7656098 4.1557632 4.3151128 3.5844575 3.8866113 3.5894113 4.1017221 4.0242327 4.0254521 3.8074257 3.9920005 4.0541106 3.8484903 3.6548214 3.6222165 3.6184007 3.8771780 3.8754124 3.9853738 3.9886525 4.1598698 4.1753161 4.3019547 4.2964009 4.2948202 4.2948202 4.1939016 3.9657530 3.8073634 3.8073634 3.8775857 
A0A1X3CQU7-O_Neisseria-G_tmoA-T_Query           5.0500753 5.0527694 5.1318574 5.1510655 4.8709527 4.9264444 1.4351366 0.6459456 0.6622170 0.5837538 0.6534791 0.4500207 0.4238816 0.4442842 0.4596640 0.3800426 0.4129296 0.4225134 0.4454508 0.4327638 0.3381157 0.1463307 0.0000000 0.0021221 0.1537822 0.1510742 0.1538438 0.1419361 0.5555852 0.5048651 4.8677271 3.4514623 4.1386813 3.8930872 4.2245252 4.4860469 3.6753432 3.9481501 3.7552357 4.0613918 3.9833445 4.0025938 3.7350662 3.9358185 4.1509879 3.9101419 3.7876228 3.7539880 3.7432137 3.9437728 3.9419304 4.1487153 3.9546162 4.1089769 4.0689294 4.1999831 4.1922394 4.1905288 4.1905288 4.0973390 3.9858418 3.8361882 3.8361882 3.8662885 
A0A448D7C3-O_Neisseria-G_tmoA-T_Query           5.0087813 5.0115271 5.1318574 5.1510655 4.8779659 4.9335162 1.4388174 0.6466779 0.6578457 0.5836272 0.6532093 0.4474791 0.4224609 0.4428135 0.4598806 0.3800734 0.4130348 0.4226414 0.4456335 0.4329163 0.3368868 0.1455678 0.0021221 0.0000000 0.1522365 0.1495498 0.1547958 0.1402270 0.5560579 0.5052004 4.8646609 3.4514623 4.1386813 3.8676602 4.2216464 4.4830918 3.7080597 3.9453896 3.7941874 4.0757892 4.0006480 4.0163868 3.7452954 3.9459480 4.1509879 3.9073843 3.7848874 3.7512664 3.7404978 3.9410253 3.9391855 4.1369354 3.9518667 4.1061662 4.0655578 4.1971412 4.1894045 4.1876897 4.1876897 4.0942853 3.9830642 3.8334843 3.8334843 3.8635499 
A0A0M3FQV5-O_Acinetobacter-G_tmoA-T_Query       5.0196659 4.9963878 5.1067617 5.1467010 5.0545868 5.1528537 1.4072385 0.6863525 0.6971586 0.5878111 0.6485720 0.4648195 0.4547101 0.4815116 0.4643893 0.3742953 0.4335343 0.4348868 0.4448891 0.4286389 0.3545775 0.2111482 0.1537822 0.1522365 0.0000000 0.0020461 0.0684996 0.0681846 0.5957847 0.5343281 4.7888343 3.5708726 3.9944449 3.7196041 4.2843938 4.3684722 3.6879638 3.9727782 3.8233551 4.1377776 4.0539126 4.0457582 3.8271489 4.0031553 4.0905862 3.8340429 3.7074305 3.7401059 3.7379513 4.0857386 4.0837086 4.6357248 4.0121830 4.1827804 4.1660539 4.2088123 4.2122933 4.2105897 4.2105897 4.1838658 3.9466744 3.9138830 3.9138830 3.9342257 
A0A143IZC4-O_Acinetobacter-G_tmoA-T_Query       5.0195282 4.9962455 5.1066428 5.1465907 5.0406739 5.1384470 1.4001912 0.6766190 0.6875506 0.5920553 0.6534255 0.4686068 0.4584457 0.4853355 0.4656586 0.3777837 0.4372088 0.4385689 0.4486031 0.4322982 0.3512039 0.2100201 0.1510742 0.1495498 0.0020461 0.0000000 0.0745803 0.0619904 0.5921889 0.5383953 4.7888343 3.5385037 3.9888482 3.7154963 4.3043811 4.3556539 3.6728997 3.9565091 3.8075233 4.1569744 4.0375620 4.0294924 3.8116056 3.9870032 4.0734750 3.8519311 3.6919144 3.7244882 3.7223597 4.0737280 4.0717125 4.6357248 3.9956268 4.1656374 4.1660539 4.2283294 4.2317852 4.2301069 4.2301069 4.1838658 3.9303688 3.8977981 3.8977981 3.9179172 
A0A150HVA8-O_Acinetobacter-G_tmoA-T_Query       4.9954236 4.9434874 5.0063340 5.0468954 4.8942367 5.0796495 1.4447419 0.7123167 0.7335148 0.5814642 0.6634681 0.4709745 0.4764892 0.4846214 0.4894115 0.3840143 0.4248718 0.4271821 0.4357643 0.4229375 0.3597872 0.2222635 0.1538438 0.1547958 0.0684996 0.0745803 0.0000000 0.0595893 0.6305393 0.5380714 4.7887466 3.6709521 3.9822301 3.8014396 4.3441887 4.4779985 3.6988453 3.9462828 3.8252338 4.0925490 3.9738374 3.9691932 3.7788691 3.9777958 4.1578387 3.9135740 3.7618151 3.7541201 3.7519393 4.0928476 4.0908181 4.1463191 3.9921896 4.1605943 4.1220268 4.1731719 4.1726193 4.1708712 4.1708712 4.1268951 3.9817430 3.9254910 3.9254910 3.9585438 
A0A2U3MYH3-O_Acinetobacter-G_tmoA-T_Query       4.9183211 4.9336474 5.0172303 5.1030982 4.9823338 5.1142155 1.4282235 0.6879473 0.7042102 0.5820357 0.6594453 0.4737555 0.4687592 0.4855033 0.4822963 0.3784217 0.4215494 0.4298513 0.4355220 0.4285121 0.3535375 0.2116062 0.1419361 0.1402270 0.0681846 0.0619904 0.0595893 0.0000000 0.6049798 0.5290755 4.6494510 3.6115819 3.9313787 3.7371121 4.2075918 4.3705164 3.6407681 3.9012099 3.7252073 4.0682168 3.9321137 3.9335936 3.7089994 3.8750915 4.1217004 3.7813559 3.6137547 3.6622077 3.6601913 3.9593244 3.9574565 4.2884285 3.9057681 4.0968231 4.0359087 4.1306900 4.1342431 4.1324528 4.1324528 4.0656571 3.9046522 3.8466553 3.8466553 3.8819378 
A0A132HMK5-O_Cupriavidus-G_tmoA-T_Query         4.9793953 4.8525335 4.8816300 4.9906740 4.5944888 4.8610639 1.3943856 0.5528840 0.5640469 0.5317360 0.5936551 0.6216378 0.6661994 0.6302336 0.6457359 0.5502410 0.5773500 0.5850473 0.5982535 0.6004396 0.5737324 0.5400718 0.5555852 0.5560579 0.5957847 0.5921889 0.6305393 0.6049798 0.0000000 0.3713394 5.2097520 3.7214894 4.2364295 3.8411741 4.3349037 4.4378487 3.7739972 3.9719756 3.7908804 4.1534018 4.1782258 4.2437978 4.0905936 4.1084430 4.2337838 4.0216100 3.7990275 3.9179605 3.9037178 3.8990168 3.9128388 4.0465324 3.8717583 3.9498319 3.8417701 3.9238777 3.9092178 3.8909997 3.8909997 3.7806108 3.9567301 3.8415392 3.8415392 3.9167573 
A0A6A7SIN8-O_wastewater-G_tmoA-T_Query          4.9259741 4.9289005 4.9805723 5.0716811 4.8518972 5.1461752 1.3649225 0.5426850 0.5679361 0.5925841 0.6295499 0.5271118 0.5441102 0.5299625 0.5700379 0.4916695 0.5966523 0.6201883 0.6052933 0.5688053 0.5261863 0.4199343 0.5048651 0.5052004 0.5343281 0.5383953 0.5380714 0.5290755 0.3713394 0.0000000 5.2299490 3.5013157 4.2981624 4.0646352 4.3615236 4.4785405 3.7343546 3.9615773 3.6932906 4.2413446 4.1193325 4.1657295 3.8821487 3.9658055 4.1242609 3.8860411 3.8052706 3.8212908 3.8528463 3.8991025 3.9045190 3.9492010 3.9916941 4.1437372 4.1608483 4.0923486 4.0507666 4.0488864 4.0488864 4.1240646 3.8438312 3.7779237 3.7779237 3.7962636 
Q97YT0-O_Saccharolobus-G_tmoA-T_Query           6.3432173 6.2323365 6.3212821 6.6156038 5.9238418 6.3260834 5.7172121 5.2967240 5.4114442 5.4646589 5.9345640 5.1177197 4.8272610 4.7814319 5.0047587 4.9655657 5.2718880 5.6379974 5.4714752 5.1875530 5.0024115 4.7327488 4.8677271 4.8646609 4.7888343 4.7888343 4.7887466 4.6494510 5.2097520 5.2299490 0.0000000 5.3555061 2.6177880 2.9575041 3.2041401 3.2181725 2.3079109 2.6970297 2.7026652 2.7583039 2.8182732 2.8695028 2.6966587 2.7388117 2.6796906 3.2235473 2.6955092 2.6257793 2.6536305 2.9399264 2.9749349 2.4726888 2.8539659 2.7463156 2.7027253 2.7074392 2.6832388 2.7169451 2.7169451 2.7169451 2.5249551 2.6236448 2.6236448 2.5304569 
Q97YT1-O_Saccharolobus-G_tmoA-T_Query           3.8985440 3.8834175 3.8446705 3.8866372 5.4021229 5.3137379 3.5178474 3.9531431 4.0210657 3.4355369 3.4778638 3.5782100 3.5629993 3.5445791 3.3653712 3.3715333 3.2399042 3.1695573 3.1695573 3.2069946 3.7348355 3.5446132 3.4514623 3.4514623 3.5708726 3.5385037 3.6709521 3.6115819 3.7214894 3.5013157 5.3555061 0.0000000 1.9644481 1.9517751 1.7782182 1.7436976 1.5963133 1.8026371 1.7061593 1.6395227 1.6747822 1.7353369 1.6499152 1.6472983 1.9454382 1.9746787 1.6790410 1.6522041 1.6701124 1.6118152 1.6118152 6.9601636 1.5935777 1.6145238 1.5032424 1.5584860 1.5506633 1.5579509 1.5579509 1.4696739 1.6730214 1.4332383 1.4332383 1.4857854 
O87082-O_Xanthobacter-G_xamoA-T_BLAST           4.6160451 4.6189802 4.6574450 4.6631252 5.0366500 5.3559486 4.0530857 4.4016721 4.5088686 4.4195874 4.4645821 4.3460649 4.3694476 4.2322095 4.2140309 3.9786423 4.0369153 4.1398743 4.1293696 4.1728995 4.0887608 3.9637788 4.1386813 4.1386813 3.9944449 3.9888482 3.9822301 3.9313787 4.2364295 4.2981624 2.6177880 1.9644481 0.0000000 1.3286868 1.7851500 1.7249461 1.3166640 1.3821745 1.4569956 1.5058367 1.5662461 1.5665196 1.5309009 1.5265274 1.9205597 1.4916217 1.4291930 1.4140660 1.4107315 1.5019874 1.5153252 1.6057812 1.3803501 1.5222267 1.5724552 1.5781025 1.5666515 1.5590631 1.5590631 1.5532392 1.4117032 1.3695207 1.3695207 1.3458897 
A0A508ST84-O_Bradyrhizobium-G_tmoA-T_Query      4.9824624 5.1317752 5.1461007 5.0780287 5.0625971 5.4222087 3.8392087 4.0955747 4.1170760 4.0825463 3.7468602 3.9885447 4.0024305 3.9018269 3.9226819 3.5956631 3.8010664 3.8138206 3.7315823 3.6566733 3.8745772 3.7656098 3.8930872 3.8676602 3.7196041 3.7154963 3.8014396 3.7371121 3.8411741 4.0646352 2.9575041 1.9517751 1.3286868 0.0000000 1.8928258 1.9168697 1.2648155 1.3067541 1.2770377 1.3418713 1.3906133 1.4180557 1.3627768 1.3202784 1.8356636 1.5689112 1.3774748 1.4181889 1.4175430 1.2844018 1.3022685 1.8132032 1.2166735 1.2914520 1.3154080 1.3325827 1.2995668 1.3301761 1.3301761 1.2813886 1.1660344 1.1715685 1.1715685 1.1507859 
A0A125RGP5-O_Burkholderia-G_tmoA-T_Query        4.7585807 4.9044184 4.8686977 4.8581913 5.5117265 5.3478389 4.0729586 4.4256311 4.5266970 4.4787917 4.4286606 4.2418023 4.2228854 4.2106715 4.2139863 3.9453308 3.9687160 3.9981216 3.9723540 3.9418391 4.3576108 4.1557632 4.2245252 4.2216464 4.2843938 4.3043811 4.3441887 4.2075918 4.3349037 4.3615236 3.2041401 1.7782182 1.7851500 1.8928258 0.0000000 0.4182119 1.5116659 1.6230734 1.4880457 1.5678566 1.6073916 1.6199493 1.5964883 1.6212925 1.3306814 1.1665856 1.0469597 1.0748894 1.0687466 1.1805868 1.1743455 1.8459619 1.2185516 1.2708014 1.3149897 1.2599702 1.2556085 1.2630757 1.2630757 1.2614523 1.1572841 1.0695438 1.0695438 1.0522868 
F8JFV7-O_Hyphomicrobium-G_tmoA-T_Query          4.7557951 4.8008940 4.7902091 4.8165462 5.8054681 5.5940542 4.1124103 4.3159061 4.4697236 4.5771885 4.4313093 4.4726319 4.3618439 4.2109356 4.5907428 4.2087283 4.2178374 4.2727451 4.2723426 4.1981012 4.5294036 4.3151128 4.4860469 4.4830918 4.3684722 4.3556539 4.4779985 4.3705164 4.4378487 4.4785405 3.2181725 1.7436976 1.7249461 1.9168697 0.4182119 0.0000000 1.5303750 1.4876690 1.3901143 1.5310100 1.6788718 1.6514760 1.5396062 1.5992143 1.2890112 1.2380425 1.0575927 1.0464643 1.0404512 1.2252567 1.2189446 1.3453633 1.1425640 1.2165809 1.1671453 1.1975729 1.1862900 1.1920057 1.1920057 1.1478121 1.1181116 1.0474753 1.0474753 1.0370827 
A0A6F9EDY8-O_Kyrpidia-G_tmoA-T_Query            4.4849017 4.4970413 4.5275990 4.5748210 5.1252140 5.1876374 3.7225835 3.7598451 3.8554941 3.6875240 3.9710732 3.8333961 3.8347504 3.8180641 3.7833829 3.6247021 3.6889411 3.7582360 3.7744110 3.7592932 3.5754000 3.5844575 3.6753432 3.7080597 3.6879638 3.6728997 3.6988453 3.6407681 3.7739972 3.7343546 2.3079109 1.5963133 1.3166640 1.2648155 1.5116659 1.5303750 0.0000000 0.9991381 0.9517805 1.0028430 1.0346164 1.0322849 1.0423658 1.0203790 1.5049497 1.4269016 1.1597112 1.1207099 1.1074187 1.1373752 1.1464568 1.5522643 1.0179090 1.0452542 1.0013922 1.0477844 1.0627024 1.0498646 1.0498646 1.0006858 1.0525374 1.0080186 1.0080186 0.9949344 
A0A1Z4IRB3-O_Scytonema-G_tmoA-T_Query           4.7474348 4.7355216 4.7257609 4.6716188 5.1315150 5.4833766 3.8064996 4.2545920 4.3391506 4.0774386 4.0202604 4.0546609 4.1777452 4.0029483 4.0566010 3.9237626 4.0736476 4.0486655 3.9967295 3.9190061 3.8840404 3.8866113 3.9481501 3.9453896 3.9727782 3.9565091 3.9462828 3.9012099 3.9719756 3.9615773 2.6970297 1.8026371 1.3821745 1.3067541 1.6230734 1.4876690 0.9991381 0.0000000 0.6792117 0.7156763 0.7646043 0.7463477 0.7282944 0.7205008 1.3686307 1.2200181 1.3032817 1.3271970 1.3268399 1.1496222 1.1592722 1.4705447 1.0693117 1.1385569 1.1098735 1.1633176 1.1408369 1.1488325 1.1488325 1.1040219 1.0552796 1.0214960 1.0214960 1.0381116 
A0A2H6ATC8-O_bacterium-G_tmoA-T_Query           4.4197896 4.4524269 4.4232762 4.5291415 4.8208880 4.8500901 3.8753115 4.0705332 4.1479394 4.0246305 3.8677578 3.9751589 3.8011406 3.8745011 3.7523748 3.6309197 3.7706234 3.8484193 3.8337487 3.8740133 3.6931878 3.5894113 3.7552357 3.7941874 3.8233551 3.8075233 3.8252338 3.7252073 3.7908804 3.6932906 2.7026652 1.7061593 1.4569956 1.2770377 1.4880457 1.3901143 0.9517805 0.6792117 0.0000000 0.6299144 0.6604633 0.6862469 0.6510554 0.6508487 1.3787747 1.2542764 1.2185620 1.2025181 1.1917271 0.9828726 0.9831328 1.3531032 1.0054416 1.0346989 0.9564195 1.0259492 1.0376004 1.0363092 1.0363092 1.0056368 1.0140102 0.9632876 0.9632876 0.9172640 
A0A1C3NYD1-O_Candidatus-G_tmoA-T_Query          4.6032449 4.6279980 4.6628029 4.6923078 5.1675092 5.1669147 4.0313735 4.3001744 4.3496863 4.3740831 4.2703086 4.2670764 4.3453519 4.2306603 4.2330029 3.9763562 4.0669587 4.1562864 4.1174021 4.1418310 4.1661662 4.1017221 4.0613918 4.0757892 4.1377776 4.1569744 4.0925490 4.0682168 4.1534018 4.2413446 2.7583039 1.6395227 1.5058367 1.3418713 1.5678566 1.5310100 1.0028430 0.7156763 0.6299144 0.0000000 0.2650671 0.2702662 0.2679889 0.2632863 1.4284300 1.2567778 1.2693998 1.2637869 1.2611496 1.2803162 1.2919102 1.4692542 1.1213195 1.1867665 1.1238340 1.1350096 1.1447044 1.1387321 1.1387321 1.1282328 1.0830266 1.0647152 1.0647152 1.0427133 
A0A1X2DRQ3-O_Mycolicibacter-G_tmoA-T_Query      4.5630359 4.5726807 4.5871590 4.5552920 5.0254394 5.1329376 4.0389761 4.3583470 4.4163451 4.4208139 4.2220111 4.2771101 4.2716848 4.1701691 3.9994120 3.8325366 3.9776531 4.0630386 4.0305269 4.0384249 4.0245973 4.0242327 3.9833445 4.0006480 4.0539126 4.0375620 3.9738374 3.9321137 4.1782258 4.1193325 2.8182732 1.6747822 1.5662461 1.3906133 1.6073916 1.6788718 1.0346164 0.7646043 0.6604633 0.2650671 0.0000000 0.0580482 0.1169230 0.1265971 1.5311688 1.2971027 1.3669584 1.3659475 1.3649298 1.2955536 1.3095307 1.8972746 1.2176734 1.2722562 1.2354248 1.2387918 1.2474900 1.2410390 1.2410390 1.2448822 1.2496306 1.1684876 1.1684876 1.1214669 
X7ZP06-O_Mycobacterium-G_tmoA-T_Query           4.5723048 4.5221370 4.5363785 4.6401882 4.9058264 5.0896684 3.9441256 4.3206895 4.3807625 4.4083742 4.2178610 4.3273254 4.3391984 4.1857067 4.0525340 3.8762930 4.0038806 4.0889067 4.0760782 4.0608551 4.0919710 4.0254521 4.0025938 4.0163868 4.0457582 4.0294924 3.9691932 3.9335936 4.2437978 4.1657295 2.8695028 1.7353369 1.5665196 1.4180557 1.6199493 1.6514760 1.0322849 0.7463477 0.6862469 0.2702662 0.0580482 0.0000000 0.1165618 0.1236698 1.5963667 1.3126249 1.3525932 1.3603011 1.3592847 1.3249688 1.3365958 1.8483631 1.2264872 1.2791979 1.2382593 1.2475226 1.2459585 1.2524080 1.2524080 1.2524023 1.2491103 1.1685197 1.1685197 1.1489699 
A0A448GRI6-O_Mycobacteroides-G_tmoA-T_Query     4.5674054 4.6008144 4.6154064 4.6612354 4.9108144 4.9518909 3.8814366 4.2417482 4.2967510 4.1646232 4.0757146 3.9699003 4.0644040 3.8930572 3.8330347 3.7478127 3.8247535 3.9405652 3.9216874 3.8905348 3.7245071 3.8074257 3.7350662 3.7452954 3.8271489 3.8116056 3.7788691 3.7089994 4.0905936 3.8821487 2.6966587 1.6499152 1.5309009 1.3627768 1.5964883 1.5396062 1.0423658 0.7282944 0.6510554 0.2679889 0.1169230 0.1165618 0.0000000 0.0766840 1.5046654 1.2450938 1.3211036 1.2890129 1.2879919 1.2496111 1.2593086 1.6532162 1.1439904 1.2192037 1.1963715 1.2112796 1.2339918 1.2213548 1.2213548 1.2186326 1.2009982 1.1295427 1.1295427 1.0961020 
K5BCK2-O_Mycolicibacterium-G_tmoA-T_Query       4.5310928 4.5850136 4.5995765 4.6390107 4.9227685 5.0493496 3.8961770 4.2622698 4.3175776 4.2190418 4.1646309 4.2116500 4.1995703 4.0976732 4.0027168 3.8068803 3.9021250 3.9891546 3.9603848 4.0069686 3.9694683 3.9920005 3.9358185 3.9459480 4.0031553 3.9870032 3.9777958 3.8750915 4.1084430 3.9658055 2.7388117 1.6472983 1.5265274 1.3202784 1.6212925 1.5992143 1.0203790 0.7205008 0.6508487 0.2632863 0.1265971 0.1236698 0.0766840 0.0000000 1.4649147 1.2771096 1.3093029 1.3043698 1.3033464 1.2330302 1.2426343 1.7217663 1.1483689 1.2322915 1.2008690 1.2054019 1.2171282 1.2165023 1.2165023 1.2104139 1.1887364 1.1177520 1.1177520 1.0793591 
A0A5P9A0I2-O_Mycobacterium-G_tmoA-T_Query       4.6157332 4.5462202 4.6262613 4.6710966 5.6810672 5.5254380 3.9986028 4.3562360 4.3676847 4.1520678 4.1906479 4.1541335 4.1191780 4.1096829 4.1812306 4.1287540 4.1528310 4.2595920 4.1851769 4.2034980 4.0562351 4.0541106 4.1509879 4.1509879 4.0905862 4.0734750 4.1578387 4.1217004 4.2337838 4.1242609 2.6796906 1.9454382 1.9205597 1.8356636 1.3306814 1.2890112 1.5049497 1.3686307 1.3787747 1.4284300 1.5311688 1.5963667 1.5046654 1.4649147 0.0000000 0.8819447 1.0798911 1.0518992 1.0558050 1.0916922 1.0885575 2.2200482 1.0724209 1.1188643 1.1656929 1.0903019 1.0841214 1.0757237 1.0757237 1.0815451 1.0476166 1.0856049 1.0856049 1.0702817 
A0A2S6R829-O_Alphaproteobacteria-G_tmoA-T_Query 4.4114480 4.4619875 4.5185281 4.5337597 4.9278631 4.8871290 3.6382516 4.3313948 4.3800323 3.9524167 3.9640392 3.9022170 3.8041924 3.7068283 3.7344882 3.8326345 3.8229206 3.9529590 3.9643612 3.9468938 4.1375454 3.8484903 3.9101419 3.9073843 3.8340429 3.8519311 3.9135740 3.7813559 4.0216100 3.8860411 3.2235473 1.9746787 1.4916217 1.5689112 1.1665856 1.2380425 1.4269016 1.2200181 1.2542764 1.2567778 1.2971027 1.3126249 1.2450938 1.2771096 0.8819447 0.0000000 0.8732944 0.8947254 0.8979515 1.0086824 1.0176480 1.7863306 0.9516646 0.9900941 1.0320435 0.9903989 0.9996394 0.9961372 0.9961372 0.9927421 0.9447118 0.9230633 0.9230633 0.9294859 
A0A4U8VY70-O_Nocardia-G_tmoA-T_Query            4.2442573 4.3916693 4.3342441 4.3470368 5.0758183 5.1315016 3.7330656 3.9125117 4.0131747 3.8016152 3.7129676 3.7373191 3.6698867 3.5261880 3.5717115 3.5724807 3.5895246 3.6645145 3.6941707 3.6772041 3.7813513 3.6548214 3.7876228 3.7848874 3.7074305 3.6919144 3.7618151 3.6137547 3.7990275 3.8052706 2.6955092 1.6790410 1.4291930 1.3774748 1.0469597 1.0575927 1.1597112 1.3032817 1.2185620 1.2693998 1.3669584 1.3525932 1.3211036 1.3093029 1.0798911 0.8732944 0.0000000 0.0386206 0.0409221 0.8848612 0.8863079 1.2342293 0.8024881 0.8751039 0.9192766 0.8509307 0.8533129 0.8558033 0.8558033 0.8785445 0.7974412 0.7708542 0.7708542 0.7476350 
A0A0H5NUS2-O_Nocardia-G_tmoA-T_Query            4.1746109 4.3528025 4.2957357 4.3082863 5.0383598 5.0943110 3.8086874 3.9682470 4.0699780 3.8666474 3.8312567 3.7689543 3.6750601 3.5964506 3.5739024 3.6032163 3.6268636 3.7136452 3.7437924 3.6959591 3.7912295 3.6222165 3.7539880 3.7512664 3.7401059 3.7244882 3.7541201 3.6622077 3.9179605 3.8212908 2.6257793 1.6522041 1.4140660 1.4181889 1.0748894 1.0464643 1.1207099 1.3271970 1.2025181 1.2637869 1.3659475 1.3603011 1.2890129 1.3043698 1.0518992 0.8947254 0.0386206 0.0000000 0.0020876 0.8588371 0.8602479 1.2686276 0.8062567 0.8736155 0.9086382 0.8476020 0.8499878 0.8524704 0.8524704 0.8719391 0.8002844 0.7573001 0.7573001 0.7407636 
A0A379M9B7-O_Rhodococcus-G_tmoA-T_Query         4.2053486 4.3856598 4.3493493 4.3623085 5.0448172 5.0943110 3.8347637 3.9537001 4.0548837 3.9033829 3.8713353 3.8002851 3.6968246 3.6257066 3.5614005 3.6326845 3.6564467 3.7440341 3.7744563 3.7262704 3.7889659 3.6184007 3.7432137 3.7404978 3.7379513 3.7223597 3.7519393 3.6601913 3.9037178 3.8528463 2.6536305 1.6701124 1.4107315 1.4175430 1.0687466 1.0404512 1.1074187 1.3268399 1.1917271 1.2611496 1.3649298 1.3592847 1.2879919 1.3033464 1.0558050 0.8979515 0.0409221 0.0020876 0.0000000 0.8625095 0.8639252 1.2062525 0.8084764 0.8615503 0.9047278 0.8484506 0.8522686 0.8547570 0.8547570 0.8684530 0.8015150 0.7581513 0.7581513 0.7416096 
Q00456-O_Pseudomonas-G_tmoA-T_BLAST             4.5126338 4.5528115 4.5512631 4.5844655 4.9170635 5.0897606 4.0084621 4.1192350 4.1605441 4.1040458 3.8890210 4.0420577 4.0178886 4.0004446 3.8545882 3.8200679 3.7923330 3.8190358 3.8778020 3.9014060 3.9412053 3.8771780 3.9437728 3.9410253 4.0857386 4.0737280 4.0928476 3.9593244 3.8990168 3.8991025 2.9399264 1.6118152 1.5019874 1.2844018 1.1805868 1.2252567 1.1373752 1.1496222 0.9828726 1.2803162 1.2955536 1.3249688 1.2496111 1.2330302 1.0916922 1.0086824 0.8848612 0.8588371 0.8625095 0.0000000 0.0062488 0.9641003 0.5607790 0.5750975 0.6191394 0.6159472 0.6091350 0.6056257 0.6056257 0.5788477 0.6032247 0.5038678 0.5038678 0.5165524 
A0A0D3QM77-O_Pseudomonas-G_tmoA-T_Query         4.5676404 4.6013686 4.5997484 4.6285381 4.9513832 5.1176608 3.9968821 4.1171612 4.1584082 4.0911685 3.8870830 4.0561907 4.0164658 4.0018744 3.8598289 3.8183658 3.7731366 3.7997042 3.8811896 3.8996103 3.9393378 3.8754124 3.9419304 3.9391855 4.0837086 4.0717125 4.0908181 3.9574565 3.9128388 3.9045190 2.9749349 1.6118152 1.5153252 1.3022685 1.1743455 1.2189446 1.1464568 1.1592722 0.9831328 1.2919102 1.3095307 1.3365958 1.2593086 1.2426343 1.0885575 1.0176480 0.8863079 0.8602479 0.8639252 0.0062488 0.0000000 0.9607099 0.5656080 0.5799811 0.6266992 0.6222950 0.6154441 0.6119118 0.6119118 0.5854841 0.6042546 0.5035713 0.5035713 0.5162486 
A0A645DU35-O_bioreactor-G_tmoA-T_Query          6.2443124 6.0221223 6.3561807 6.7014659 4.8092592 5.4420939 4.1492355 3.5555005 3.7008384 4.4099662 4.0341521 4.4503777 3.6008387 3.6408671 4.2587423 3.4683238 3.5991705 3.6878395 3.7701569 3.9095408 4.1569578 3.9853738 4.1487153 4.1369354 4.6357248 4.6357248 4.1463191 4.2884285 4.0465324 3.9492010 2.4726888 6.9601636 1.6057812 1.8132032 1.8459619 1.3453633 1.5522643 1.4705447 1.3531032 1.4692542 1.8972746 1.8483631 1.6532162 1.7217663 2.2200482 1.7863306 1.2342293 1.2686276 1.2062525 0.9641003 0.9607099 0.0000000 0.5292201 0.5645338 0.6196991 0.5733696 0.5948020 0.5948020 0.5948020 0.5948020 0.6970744 0.4600092 0.4600092 0.4965432 
F8GVL7-O_Cupriavidus-G_tmoA-T_Query             4.3126228 4.3952073 4.4169261 4.4189626 5.0454413 5.2909961 4.1330599 4.1662476 4.2229452 4.0936097 3.9442366 4.0988483 4.0394249 3.9942146 3.9775178 3.7177362 3.7366541 3.7667177 3.8335935 3.8925517 4.0994445 3.9886525 3.9546162 3.9518667 4.0121830 3.9956268 3.9921896 3.9057681 3.8717583 3.9916941 2.8539659 1.5935777 1.3803501 1.2166735 1.2185516 1.1425640 1.0179090 1.0693117 1.0054416 1.1213195 1.2176734 1.2264872 1.1439904 1.1483689 1.0724209 0.9516646 0.8024881 0.8062567 0.8084764 0.5607790 0.5656080 0.5292201 0.0000000 0.1275345 0.1664342 0.1621899 0.1746052 0.1632800 0.1632800 0.1584432 0.4806711 0.4273398 0.4273398 0.4595419 
K0DZF2-O_Paraburkholderia-G_tmoA-T_Query        4.4645181 4.4910723 4.5171148 4.5598216 5.0756670 5.2655533 4.0323471 4.2642682 4.3148811 4.3269642 4.1088171 4.3351543 4.2471138 4.1665308 4.0615474 3.8926243 3.8866769 3.9184221 3.9893739 3.9944994 4.2057789 4.1598698 4.1089769 4.1061662 4.1827804 4.1656374 4.1605943 4.0968231 3.9498319 4.1437372 2.7463156 1.6145238 1.5222267 1.2914520 1.2708014 1.2165809 1.0452542 1.1385569 1.0346989 1.1867665 1.2722562 1.2791979 1.2192037 1.2322915 1.1188643 0.9900941 0.8751039 0.8736155 0.8615503 0.5750975 0.5799811 0.5645338 0.1275345 0.0000000 0.1121372 0.1234787 0.1363773 0.1283182 0.1283182 0.1181694 0.4990439 0.4700904 0.4700904 0.4961949 
A0A375JDL2-O_Cupriavidus-G_tmoA-T_Query         4.0649162 4.0295138 4.0525116 4.1687973 4.7894690 5.1009636 4.1202758 4.3045056 4.3801979 4.3932167 4.1819405 4.2612058 4.1735062 4.0948934 4.1293553 3.8515822 3.9668770 3.9666071 4.0570215 4.0408834 4.2172504 4.1753161 4.0689294 4.0655578 4.1660539 4.1660539 4.1220268 4.0359087 3.8417701 4.1608483 2.7027253 1.5032424 1.5724552 1.3154080 1.3149897 1.1671453 1.0013922 1.1098735 0.9564195 1.1238340 1.2354248 1.2382593 1.1963715 1.2008690 1.1656929 1.0320435 0.9192766 0.9086382 0.9047278 0.6191394 0.6266992 0.6196991 0.1664342 0.1121372 0.0000000 0.0335288 0.0333290 0.0229199 0.0229199 0.0229199 0.5305019 0.4693643 0.4693643 0.5225016 
A0A375HEB8-O_Cupriavidus-G_tmoA-T_Query         4.3412507 4.3159241 4.3421871 4.4525403 4.9151234 5.1179750 4.1035211 4.3357421 4.3966645 4.1822156 4.0053199 4.2969201 4.1918323 4.1632195 4.1095616 3.8496391 3.9434728 3.9491521 4.0234905 4.0689551 4.2855754 4.3019547 4.1999831 4.1971412 4.2088123 4.2283294 4.1731719 4.1306900 3.9238777 4.0923486 2.7074392 1.5584860 1.5781025 1.3325827 1.2599702 1.1975729 1.0477844 1.1633176 1.0259492 1.1350096 1.2387918 1.2475226 1.2112796 1.2054019 1.0903019 0.9903989 0.8509307 0.8476020 0.8484506 0.6159472 0.6222950 0.5733696 0.1621899 0.1234787 0.0335288 0.0000000 0.0275496 0.0189021 0.0189021 0.0205742 0.5263609 0.4761247 0.4761247 0.5041290 
A0A375ISL0-O_Cupriavidus-G_tmoA-T_Query         4.3853640 4.3756140 4.3973777 4.5036514 4.9114410 5.1690688 4.0664845 4.3490642 4.4112534 4.1596925 3.9925358 4.2335426 4.1256031 4.0951019 4.0625927 3.8504086 3.8934133 3.8991252 3.9652766 4.0164387 4.2701653 4.2964009 4.1922394 4.1894045 4.2122933 4.2317852 4.1726193 4.1342431 3.9092178 4.0507666 2.6832388 1.5506633 1.5666515 1.2995668 1.2556085 1.1862900 1.0627024 1.1408369 1.0376004 1.1447044 1.2474900 1.2459585 1.2339918 1.2171282 1.0841214 0.9996394 0.8533129 0.8499878 0.8522686 0.6091350 0.6154441 0.5948020 0.1746052 0.1363773 0.0333290 0.0275496 0.0000000 0.0104477 0.0104477 0.0113670 0.5375015 0.4862710 0.4862710 0.5111457 
A0A375CR20-O_Cupriavidus-G_tmoA-T_Query         4.3166580 4.3069543 4.3282469 4.4223282 4.9201108 5.1457017 4.0713978 4.3210863 4.3829072 4.1579415 3.9903835 4.2350657 4.1234587 4.0760100 4.0580208 3.8466005 3.8888237 3.8945479 3.9676450 4.0118366 4.2735764 4.2948202 4.1905288 4.1876897 4.2105897 4.2301069 4.1708712 4.1324528 3.8909997 4.0488864 2.7169451 1.5579509 1.5590631 1.3301761 1.2630757 1.1920057 1.0498646 1.1488325 1.0363092 1.1387321 1.2410390 1.2524080 1.2213548 1.2165023 1.0757237 0.9961372 0.8558033 0.8524704 0.8547570 0.6056257 0.6119118 0.5948020 0.1632800 0.1283182 0.0229199 0.0189021 0.0104477 0.0000000 0.0000010 0.0000010 0.5264166 0.4788778 0.4788778 0.5061692 
