39
G2IN04-O_Sphingobium-G_ligXa-T_BLAST        0.0000000 5.5218737 5.5218737 5.3753811 5.3322403 7.0011315 5.8665294 5.8784685 5.8545900 5.2878917 5.2851726 5.3095644 4.5860549 5.1408376 5.0574162 5.0591109 4.9630192 4.8091118 4.8006612 4.8826001 4.8826001 4.8742283 4.2055644 4.2055644 4.2326243 4.0649845 4.0710715 4.0513283 4.0737597 4.0737597 4.0697030 4.2865860 4.1633723 4.1633723 4.1894118 4.4189390 4.3658288 4.1243587 4.3979891 
P0ABR7-O_Escherichia-G_yeaW-T_BLAST         5.5218737 0.0000000 0.0000010 0.4124709 0.4164878 3.3781801 3.0875665 3.7298442 3.6108611 3.7588078 4.0564357 3.9696687 3.5430219 4.1256822 4.5087783 4.5104356 3.7774551 3.4189148 3.2690773 3.3844896 3.3844896 3.3999218 3.4062516 3.4062516 4.0293670 3.9419639 3.9386047 3.9054310 3.9411428 3.9411428 3.9369631 3.4890391 3.5056062 3.5056062 3.5513028 3.4758425 3.4992495 3.4694594 3.4461117 
P0ABR8-O_Escherichia-G_yeaW-T_BLAST         5.5218737 0.0000010 0.0000000 0.4124709 0.4164878 3.3781801 3.0875665 3.7298442 3.6108611 3.7588078 4.0564357 3.9696687 3.5430219 4.1256822 4.5087783 4.5104356 3.7774551 3.4189148 3.2690773 3.3844896 3.3844896 3.3999218 3.4062516 3.4062516 4.0293670 3.9419639 3.9386047 3.9054310 3.9411428 3.9411428 3.9369631 3.4890391 3.5056062 3.5056062 3.5513028 3.4758425 3.4992495 3.4694594 3.4461117 
F0KFI5-O_Acinetobacter-G_yeaW-T_BLAST       5.3753811 0.4124709 0.4124709 0.0000000 0.0194592 3.7503493 3.3445516 3.7408067 3.7209207 3.9163144 4.2385217 3.9574091 3.8515354 4.0723130 4.0665117 4.0678655 3.3614784 3.1344225 2.8856165 3.0254000 3.0254000 3.0409174 3.5871312 3.5871312 4.1100963 4.1110506 4.1076270 4.1146866 4.1102291 4.1102291 4.1059579 3.5545416 3.5914307 3.5914307 3.6299947 3.8397006 3.8820615 3.7652305 3.6565186 
D0C9N6-O_Acinetobacter-G_cntA-T_BLAST       5.3322403 0.4164878 0.4164878 0.0194592 0.0000000 3.7953325 3.4054548 3.6533608 3.7565431 3.8413598 4.2855303 4.0104251 3.8660473 4.1314949 4.1873268 4.1887704 3.4320571 3.2008685 2.9370532 3.0894388 3.0894388 3.1054498 3.6156353 3.6156353 4.1235005 4.1277610 4.1243382 4.1314474 4.1269407 4.1269407 4.1226701 3.6018392 3.6399893 3.6399893 3.6787034 3.8871605 3.9297428 3.8016393 3.6792335 
Q9RBG5-O_Alcaligenes-G_absAa-T_BLAST        7.0011315 3.3781801 3.3781801 3.7503493 3.7953325 0.0000000 1.4813298 3.3893335 3.5903397 3.7869815 3.6007860 3.5431841 3.4367963 3.1317725 3.2559490 3.2694705 3.7284278 3.4237482 3.5246966 3.5486013 3.5486013 3.5440538 3.2793660 3.2793660 3.1847992 3.0455407 3.0495192 3.0269617 3.0533328 3.0533328 3.0302178 3.1701599 3.2471275 3.2471275 3.2979374 3.1151991 3.1762974 3.0185516 2.8553003 
Q9X404-O_Methylosulfonomonas-G_msmA-T_BLAST 5.8665294 3.0875665 3.0875665 3.3445516 3.4054548 1.4813298 0.0000000 4.1326434 3.5019881 3.5063928 3.9273884 3.7050660 3.8023593 3.8100243 3.9957325 4.0250202 3.9727956 3.7806497 3.6060087 3.8277431 3.8277431 3.8072043 3.2959769 3.2959769 3.2806319 3.0765470 3.0825763 3.1022866 3.0827347 3.0827347 3.1063525 3.0443736 3.1435078 3.1435078 3.1158643 3.0412448 3.0533185 3.1847484 3.1658539 
Q51974-O_Pseudomonas-G_cmtAb-T_BLAST        5.8784685 3.7298442 3.7298442 3.7408067 3.6533608 3.3893335 4.1326434 0.0000000 2.7290772 2.5483798 2.6703320 2.5357410 3.4847965 3.1560716 3.6612826 3.6748303 3.2538681 3.1292518 3.1738539 3.1345510 3.1345510 3.1994265 3.1647122 3.1647122 3.0567555 2.9989281 3.0208752 3.0288948 3.0111526 3.0111526 3.0048483 3.1435645 3.1656922 3.1656922 3.2960851 3.4706564 3.5110250 3.4859671 3.3574638 
O85673-O_Acinetobacter-G_antA-T_BLAST       5.8545900 3.6108611 3.6108611 3.7209207 3.7565431 3.5903397 3.5019881 2.7290772 0.0000000 1.5119911 1.4110142 1.2999725 3.8145359 4.1946160 3.9021398 3.9157246 3.5007350 3.3173665 3.2015881 3.2948754 3.2948754 3.3662077 3.1107551 3.1107551 2.8089457 2.8024396 2.8002785 2.8189038 2.8036064 2.8036064 2.7978451 3.1201880 2.9093247 2.9093247 2.8802768 3.0409179 3.0851387 3.1790630 2.9798635 
Q51601-O_Burkholderia-G_cbdA-T_BLAST        5.2878917 3.7588078 3.7588078 3.9163144 3.8413598 3.7869815 3.5063928 2.5483798 1.5119911 0.0000000 0.9220762 0.8217864 3.6093485 3.4302143 3.9048087 3.9183927 3.1066215 2.9921650 3.0239673 3.0024070 3.0024070 2.9897319 2.6645269 2.6645269 2.8331507 2.8399309 2.8373724 2.8569696 2.8416156 2.8416156 2.8228011 2.9614844 2.9390079 2.9390079 2.9660417 2.9883752 3.0067637 3.1184530 3.1274612 
P07769-O_Acinetobacter-G_benA-T_BLAST       5.2851726 4.0564357 4.0564357 4.2385217 4.2855303 3.6007860 3.9273884 2.6703320 1.4110142 0.9220762 0.0000000 0.6169952 3.9972280 3.3404831 3.3780904 3.3667437 3.4248366 3.1770083 3.2104314 3.2215007 3.2215007 3.1934331 2.9883987 2.9883987 2.7843548 2.8055792 2.8005802 2.8231060 2.8080864 2.8080864 2.7895230 2.9540004 3.1101792 3.1101792 3.0770312 3.0766529 3.0514730 3.0503118 2.9459876 
P23099-O_Pseudomonas-G_xylX-T_BLAST         5.3095644 3.9696687 3.9696687 3.9574091 4.0104251 3.5431841 3.7050660 2.5357410 1.2999725 0.8217864 0.6169952 0.0000000 3.9039876 3.2510186 3.5143460 3.5426211 3.0442616 2.8017614 2.8270096 2.8315652 2.8315652 2.8898696 2.8643135 2.8643135 2.6792387 2.8059467 2.8009355 2.8065026 2.8051491 2.8051491 2.7865316 3.1205003 2.9593514 2.9593514 2.9561268 3.0831220 3.0564194 3.3135988 3.1210483 
O52379-O_Ralstonia-G_nagG-T_BLAST           4.5860549 3.5430219 3.5430219 3.8515354 3.8660473 3.4367963 3.8023593 3.4847965 3.8145359 3.6093485 3.9972280 3.9039876 0.0000000 1.7080276 1.7097671 1.7076062 2.9636993 3.0803242 3.0515326 3.1157875 3.1157875 3.1345060 3.2398675 3.2398675 2.8888046 2.8437495 2.8289140 2.8655674 2.8490022 2.8490022 2.8690268 2.7258852 2.8655133 2.8655133 2.8452281 2.9846669 2.9574801 2.8360220 2.8232471 
Q84BZ3-O_Burkholderia-G_andAc-T_BLAST       5.1408376 4.1256822 4.1256822 4.0723130 4.1314949 3.1317725 3.8100243 3.1560716 4.1946160 3.4302143 3.3404831 3.2510186 1.7080276 0.0000000 1.2258091 1.2253159 3.2428562 3.2391004 3.2563846 3.2993866 3.2993866 3.3095228 2.9127169 2.9127169 2.5641571 2.4389617 2.4400822 2.4588145 2.4451571 2.4451571 2.4618243 2.5922932 2.6776932 2.6776932 2.6857843 2.8534746 2.8447551 2.7189286 2.7313004 
Q3C1E3-O_Comamonas-G_tphA2I-T_BLAST         5.0574162 4.5087783 4.5087783 4.0665117 4.1873268 3.2559490 3.9957325 3.6612826 3.9021398 3.9048087 3.3780904 3.5143460 1.7097671 1.2258091 0.0000000 0.0049460 3.1271928 3.2906561 3.2475791 3.2854855 3.2854855 3.2392906 3.0204771 3.0204771 2.7854715 2.6597046 2.6288823 2.6641861 2.6486097 2.6486097 2.6285679 2.5592230 2.7905764 2.7905764 2.7975996 2.7412024 2.8065268 2.6686124 2.7263791 
Q3C1D5-O_Comamonas-G_tphA2II-T_BLAST        5.0591109 4.5104356 4.5104356 4.0678655 4.1887704 3.2694705 4.0250202 3.6748303 3.9157246 3.9183927 3.3667437 3.5426211 1.7076062 1.2253159 0.0049460 0.0000000 3.1317621 3.2956311 3.2524581 3.2904294 3.2904294 3.2441884 3.0376245 3.0376245 2.7912785 2.6652107 2.6343445 2.6697185 2.6541005 2.6541005 2.6340334 2.5372109 2.7660058 2.7660058 2.7728999 2.7177403 2.7825146 2.6462302 2.7030348 
Q45695-O_Burkholderia-G_dntAc-T_BLAST       4.9630192 3.7774551 3.7774551 3.3614784 3.4320571 3.7284278 3.9727956 3.2538681 3.5007350 3.1066215 3.4248366 3.0442616 2.9636993 3.2428562 3.1271928 3.1317621 0.0000000 0.1568343 0.3040933 0.2742278 0.2742278 0.2680599 2.2492547 2.2492547 1.8170520 1.8074486 1.7979937 1.8110313 1.8099617 1.8099617 1.8083071 2.0715838 2.0330233 2.0330233 2.0381161 2.1968351 2.2214121 2.1243513 2.1286653 
O52382-O_Ralstonia-G_nagAc-T_BLAST          4.8091118 3.4189148 3.4189148 3.1344225 3.2008685 3.4237482 3.7806497 3.1292518 3.3173665 2.9921650 3.1770083 2.8017614 3.0803242 3.2391004 3.2906561 3.2956311 0.1568343 0.0000000 0.1435875 0.1253764 0.1253764 0.1144570 2.1544952 2.1544952 1.8552531 1.8363102 1.8267311 1.8274338 1.8384006 1.8384006 1.8367161 2.0532162 2.0055819 2.0055819 2.0166546 2.1406163 2.1754270 2.0826288 2.0984164 
Q51494-O_Pseudomonas-G_ndoB-T_BLAST         4.8006612 3.2690773 3.2690773 2.8856165 2.9370532 3.5246966 3.6060087 3.1738539 3.2015881 3.0239673 3.2104314 2.8270096 3.0515326 3.2563846 3.2475791 3.2524581 0.3040933 0.1435875 0.0000000 0.1123536 0.1123536 0.1048065 2.1472684 2.1472684 1.8436449 1.7989945 1.7896417 1.7847094 1.7952540 1.7952540 1.7936280 2.0235657 1.9432300 1.9432300 1.9400262 2.0491065 2.0838838 1.9881213 2.0325679 
P0A111-O_Pseudomonas-G_doxB-T_BLAST         4.8826001 3.3844896 3.3844896 3.0254000 3.0894388 3.5486013 3.8277431 3.1345510 3.2948754 3.0024070 3.2215007 2.8315652 3.1157875 3.2993866 3.2854855 3.2904294 0.2742278 0.1253764 0.1123536 0.0000000 0.0000010 0.0426301 2.1936100 2.1936100 1.8938697 1.8277903 1.8181612 1.8192608 1.8302597 1.8302597 1.8285689 2.0483468 1.9881931 1.9881931 2.0063198 2.1613059 2.1986120 2.1077582 2.1337451 
P0A110-O_Pseudomonas-G_ndoB-T_BLAST         4.8826001 3.3844896 3.3844896 3.0254000 3.0894388 3.5486013 3.8277431 3.1345510 3.2948754 3.0024070 3.2215007 2.8315652 3.1157875 3.2993866 3.2854855 3.2904294 0.2742278 0.1253764 0.1123536 0.0000010 0.0000000 0.0426301 2.1936100 2.1936100 1.8938697 1.8277903 1.8181612 1.8192608 1.8302597 1.8302597 1.8285689 2.0483468 1.9881931 1.9881931 2.0063198 2.1613059 2.1986120 2.1077582 2.1337451 
O07824-O_Pseudomonas-G_ndoB-T_BLAST         4.8742283 3.3999218 3.3999218 3.0409174 3.1054498 3.5440538 3.8072043 3.1994265 3.3662077 2.9897319 3.1934331 2.8898696 3.1345060 3.3095228 3.2392906 3.2441884 0.2680599 0.1144570 0.1048065 0.0426301 0.0426301 0.0000000 2.1872799 2.1872799 1.9117201 1.8634714 1.8537252 1.8547422 1.8659799 1.8659799 1.8642580 2.1014738 2.0265753 2.0265753 2.0466560 2.1557212 2.1943546 2.1114051 2.1403818 
BAC92718.1-O_Rhodococcus-NCBI               4.2055644 3.4062516 3.4062516 3.5871312 3.6156353 3.2793660 3.2959769 3.1647122 3.1107551 2.6645269 2.9883987 2.8643135 3.2398675 2.9127169 3.0204771 3.0376245 2.2492547 2.1544952 2.1472684 2.1936100 2.1936100 2.1872799 0.0000000 0.0000010 1.7911939 1.6933456 1.6739379 1.7024364 1.6861335 1.6861335 1.6959636 1.6266580 1.6067762 1.6067762 1.6389432 1.6088898 1.6528476 1.6873233 1.6846461 
Q75WN5-O_Rhodococcus-G_ebdA1-T_Query        4.2055644 3.4062516 3.4062516 3.5871312 3.6156353 3.2793660 3.2959769 3.1647122 3.1107551 2.6645269 2.9883987 2.8643135 3.2398675 2.9127169 3.0204771 3.0376245 2.2492547 2.1544952 2.1472684 2.1936100 2.1936100 2.1872799 0.0000010 0.0000000 1.7911939 1.6933456 1.6739379 1.7024364 1.6861335 1.6861335 1.6959636 1.6266580 1.6067762 1.6067762 1.6389432 1.6088898 1.6528476 1.6873233 1.6846461 
Q7N4W0-O_Photorhabdus-G_hcaE-T_BLAST        4.2326243 4.0293670 4.0293670 4.1100963 4.1235005 3.1847992 3.2806319 3.0567555 2.8089457 2.8331507 2.7843548 2.6792387 2.8888046 2.5641571 2.7854715 2.7912785 1.8170520 1.8552531 1.8436449 1.8938697 1.8938697 1.9117201 1.7911939 1.7911939 0.0000000 0.2415273 0.2419557 0.2392297 0.2383283 0.2383283 0.2414156 1.1468094 1.1431877 1.1431877 1.1480532 1.2156660 1.2294564 1.2212846 1.2491962 
Q83K39-O_Shigella-G_hcaE-T_BLAST            4.0649845 3.9419639 3.9419639 4.1110506 4.1277610 3.0455407 3.0765470 2.9989281 2.8024396 2.8399309 2.8055792 2.8059467 2.8437495 2.4389617 2.6597046 2.6652107 1.8074486 1.8363102 1.7989945 1.8277903 1.8277903 1.8634714 1.6933456 1.6933456 0.2415273 0.0000000 0.0046408 0.0069713 0.0046377 0.0046377 0.0069640 1.1092925 1.0987667 1.0987667 1.0944726 1.1579035 1.1752496 1.1299300 1.1488871 
Q0T1Y1-O_Shigella-G_hcaE-T_BLAST            4.0710715 3.9386047 3.9386047 4.1076270 4.1243382 3.0495192 3.0825763 3.0208752 2.8002785 2.8373724 2.8005802 2.8009355 2.8289140 2.4400822 2.6288823 2.6343445 1.7979937 1.8267311 1.7896417 1.8181612 1.8181612 1.8537252 1.6739379 1.6739379 0.2419557 0.0046408 0.0000000 0.0069857 0.0046473 0.0046473 0.0069784 1.1186921 1.1082990 1.1082990 1.1039365 1.1678996 1.1853211 1.1394778 1.1499856 
Q31XV2-O_Shigella-G_hcaE-T_BLAST            4.0513283 3.9054310 3.9054310 4.1146866 4.1314474 3.0269617 3.1022866 3.0288948 2.8189038 2.8569696 2.8231060 2.8065026 2.8655674 2.4588145 2.6641861 2.6697185 1.8110313 1.8274338 1.7847094 1.8192608 1.8192608 1.8547422 1.7024364 1.7024364 0.2392297 0.0069713 0.0069857 0.0000000 0.0023190 0.0023190 0.0046430 1.1252150 1.1148923 1.1148923 1.1104728 1.1711615 1.1886498 1.1383396 1.1575853 
Q3YZ15-O_Shigella-G_hcaE-T_BLAST            4.0737597 3.9411428 3.9411428 4.1102291 4.1269407 3.0533328 3.0827347 3.0111526 2.8036064 2.8416156 2.8080864 2.8051491 2.8490022 2.4451571 2.6486097 2.6541005 1.8099617 1.8384006 1.7952540 1.8302597 1.8302597 1.8659799 1.6861335 1.6861335 0.2383283 0.0046377 0.0046473 0.0023190 0.0000000 0.0000010 0.0023166 1.1149518 1.1045031 1.1045031 1.1001669 1.1601790 1.1775485 1.1279521 1.1468347 
P0ABR5-O_Escherichia-G_hcaE-T_BLAST         4.0737597 3.9411428 3.9411428 4.1102291 4.1269407 3.0533328 3.0827347 3.0111526 2.8036064 2.8416156 2.8080864 2.8051491 2.8490022 2.4451571 2.6486097 2.6541005 1.8099617 1.8384006 1.7952540 1.8302597 1.8302597 1.8659799 1.6861335 1.6861335 0.2383283 0.0046377 0.0046473 0.0023190 0.0000010 0.0000000 0.0023166 1.1149518 1.1045031 1.1045031 1.1001669 1.1601790 1.1775485 1.1279521 1.1468347 
A8A344-O_Escherichia-G_hcaE-T_BLAST         4.0697030 3.9369631 3.9369631 4.1059579 4.1226701 3.0302178 3.1063525 3.0048483 2.7978451 2.8228011 2.7895230 2.7865316 2.8690268 2.4618243 2.6285679 2.6340334 1.8083071 1.8367161 1.7936280 1.8285689 1.8285689 1.8642580 1.6959636 1.6959636 0.2414156 0.0069640 0.0069784 0.0046430 0.0023166 0.0023166 0.0000000 1.1216112 1.1112575 1.1112575 1.1068726 1.1672478 1.1846727 1.1346769 1.1537708 
Q53122-O_Rhodococcus-G_bphA1-T_BLAST        4.2865860 3.4890391 3.4890391 3.5545416 3.6018392 3.1701599 3.0443736 3.1435645 3.1201880 2.9614844 2.9540004 3.1205003 2.7258852 2.5922932 2.5592230 2.5372109 2.0715838 2.0532162 2.0235657 2.0483468 2.0483468 2.1014738 1.6266580 1.6266580 1.1468094 1.1092925 1.1186921 1.1252150 1.1149518 1.1149518 1.1216112 0.0000000 0.3123024 0.3123024 0.3434423 0.4989754 0.4995712 0.5161474 0.5356628 
P0C618-O_Pseudomonas-G_bnzA-T_BLAST         4.1633723 3.5056062 3.5056062 3.5914307 3.6399893 3.2471275 3.1435078 3.1656922 2.9093247 2.9390079 3.1101792 2.9593514 2.8655133 2.6776932 2.7905764 2.7660058 2.0330233 2.0055819 1.9432300 1.9881931 1.9881931 2.0265753 1.6067762 1.6067762 1.1431877 1.0987667 1.1082990 1.1148923 1.1045031 1.1045031 1.1112575 0.3123024 0.0000000 0.0000010 0.0871077 0.5448349 0.5612780 0.5209073 0.5722259 
A5W4F2-O_Pseudomonas-G_bnzA-T_BLAST         4.1633723 3.5056062 3.5056062 3.5914307 3.6399893 3.2471275 3.1435078 3.1656922 2.9093247 2.9390079 3.1101792 2.9593514 2.8655133 2.6776932 2.7905764 2.7660058 2.0330233 2.0055819 1.9432300 1.9881931 1.9881931 2.0265753 1.6067762 1.6067762 1.1431877 1.0987667 1.1082990 1.1148923 1.1045031 1.1045031 1.1112575 0.3123024 0.0000010 0.0000000 0.0871077 0.5448349 0.5612780 0.5209073 0.5722259 
Q07944-O_Pseudomonas-G_bedC1-T_BLAST        4.1894118 3.5513028 3.5513028 3.6299947 3.6787034 3.2979374 3.1158643 3.2960851 2.8802768 2.9660417 3.0770312 2.9561268 2.8452281 2.6857843 2.7975996 2.7728999 2.0381161 2.0166546 1.9400262 2.0063198 2.0063198 2.0466560 1.6389432 1.6389432 1.1480532 1.0944726 1.1039365 1.1104728 1.1001669 1.1001669 1.1068726 0.3434423 0.0871077 0.0871077 0.0000000 0.5521668 0.5664060 0.5306003 0.5600809 
Q52028-O_Pseudomonas-G_bphA-T_BLAST         4.4189390 3.4758425 3.4758425 3.8397006 3.8871605 3.1151991 3.0412448 3.4706564 3.0409179 2.9883752 3.0766529 3.0831220 2.9846669 2.8534746 2.7412024 2.7177403 2.1968351 2.1406163 2.0491065 2.1613059 2.1613059 2.1557212 1.6088898 1.6088898 1.2156660 1.1579035 1.1678996 1.1711615 1.1601790 1.1601790 1.1672478 0.4989754 0.5448349 0.5448349 0.5521668 0.0000000 0.0452042 0.3050024 0.3131905 
P37333-O_Paraburkholderia-G_bphA-T_BLAST    4.3658288 3.4992495 3.4992495 3.8820615 3.9297428 3.1762974 3.0533185 3.5110250 3.0851387 3.0067637 3.0514730 3.0564194 2.9574801 2.8447551 2.8065268 2.7825146 2.2214121 2.1754270 2.0838838 2.1986120 2.1986120 2.1943546 1.6528476 1.6528476 1.2294564 1.1752496 1.1853211 1.1886498 1.1775485 1.1775485 1.1846727 0.4995712 0.5612780 0.5612780 0.5664060 0.0452042 0.0000000 0.3267523 0.3411638 
Q46372-O_Comamonas-G_bphA-T_BLAST           4.1243587 3.4694594 3.4694594 3.7652305 3.8016393 3.0185516 3.1847484 3.4859671 3.1790630 3.1184530 3.0503118 3.3135988 2.8360220 2.7189286 2.6686124 2.6462302 2.1243513 2.0826288 1.9881213 2.1077582 2.1077582 2.1114051 1.6873233 1.6873233 1.2212846 1.1299300 1.1394778 1.1383396 1.1279521 1.1279521 1.1346769 0.5161474 0.5209073 0.5209073 0.5306003 0.3050024 0.3267523 0.0000000 0.2185642 
Q52438-O_Pseudomonas-G_bphA1-T_BLAST        4.3979891 3.4461117 3.4461117 3.6565186 3.6792335 2.8553003 3.1658539 3.3574638 2.9798635 3.1274612 2.9459876 3.1210483 2.8232471 2.7313004 2.7263791 2.7030348 2.1286653 2.0984164 2.0325679 2.1337451 2.1337451 2.1403818 1.6846461 1.6846461 1.2491962 1.1488871 1.1499856 1.1575853 1.1468347 1.1468347 1.1537708 0.5356628 0.5722259 0.5722259 0.5600809 0.3131905 0.3411638 0.2185642 0.0000000 
