38
P0ABR7-O_Escherichia-G_yeaW-T_BLAST         0.0000000 0.0000010 0.4467437 0.4348541 3.2605986 3.4556497 3.4730010 3.5845226 3.5941615 3.8167462 3.9105433 3.8007194 3.9947529 3.7942004 3.8232542 3.5127523 3.2059475 3.1152419 3.2072363 3.1696143 3.1696143 3.2722542 3.2722542 3.5265637 3.4010136 3.3971793 3.3730863 3.4034809 3.4034809 3.3997735 3.4579196 3.3026807 3.3026807 3.3184864 3.5247325 3.5318551 3.3018849 3.3959691 
P0ABR8-O_Escherichia-G_yeaW-T_BLAST         0.0000010 0.0000000 0.4467437 0.4348541 3.2605986 3.4556497 3.4730010 3.5845226 3.5941615 3.8167462 3.9105433 3.8007194 3.9947529 3.7942004 3.8232542 3.5127523 3.2059475 3.1152419 3.2072363 3.1696143 3.1696143 3.2722542 3.2722542 3.5265637 3.4010136 3.3971793 3.3730863 3.4034809 3.4034809 3.3997735 3.4579196 3.3026807 3.3026807 3.3184864 3.5247325 3.5318551 3.3018849 3.3959691 
F0KFI5-O_Acinetobacter-G_yeaW-T_BLAST       0.4467437 0.4467437 0.0000000 0.0139694 3.1268182 3.2815339 3.3716849 3.5644986 3.5716213 3.4514679 4.0300416 4.1430070 3.7665904 3.7683118 3.7986713 3.1585617 2.9350800 2.7417348 2.9041696 2.8676030 2.8676030 3.0272935 3.0272935 3.4585807 3.4144436 3.4105648 3.4198516 3.4169394 3.4169394 3.4131864 3.2621628 3.2148029 3.2148029 3.2320276 3.5330975 3.5476156 3.3401069 3.3697671 
D0C9N6-O_Acinetobacter-G_cntA-T_BLAST       0.4348541 0.4348541 0.0139694 0.0000000 3.1861359 3.2372354 3.4088877 3.5332792 3.5043232 3.3841219 3.9915356 4.0982978 3.7086535 3.7971624 3.8278464 3.1101281 2.8907334 2.6932259 2.8612568 2.8255231 2.8255231 3.0120743 3.0120743 3.3077178 3.2709800 3.2672052 3.2759728 3.2734052 3.2734052 3.2697846 3.2518197 3.1856669 3.1856669 3.2027953 3.5127354 3.5271795 3.3213536 3.3375814 
Q9X404-O_Methylosulfonomonas-G_msmA-T_BLAST 3.2605986 3.2605986 3.1268182 3.1861359 0.0000000 1.6315620 4.0420189 3.5999449 3.5505515 3.5664897 3.9552582 3.4393520 3.3426873 3.5583616 3.5795549 3.7967087 3.6405901 3.5864686 3.6890610 3.7354699 3.7354699 3.2132735 3.2132735 3.5058849 3.1645833 3.1625251 3.1883709 3.1686002 3.1686002 3.1921448 3.0039488 3.2227632 3.2227632 3.1708197 3.0906519 3.1584745 3.0549932 3.0397856 
Q9RBG5-O_Alcaligenes-G_absAa-T_BLAST        3.4556497 3.4556497 3.2815339 3.2372354 1.6315620 0.0000000 3.5385861 3.3912395 3.7360651 3.3217427 3.5503237 3.5257893 2.8800158 3.1241123 3.1330456 3.2810090 3.1379870 3.2553285 3.2686281 3.2995820 3.2995820 3.5793186 3.5793186 3.3110545 3.1470238 3.1453910 3.1262889 3.1530058 3.1530058 3.1303288 3.2147557 3.3113877 3.3113877 3.3349051 3.3209271 3.3338690 3.0653183 3.0484385 
Q51974-O_Pseudomonas-G_cmtAb-T_BLAST        3.4730010 3.4730010 3.3716849 3.4088877 4.0420189 3.5385861 0.0000000 2.7875180 2.7289761 2.5406481 2.6439754 3.4116050 3.1036719 3.4778915 3.4944816 3.3245929 3.1445573 3.2015558 3.2790164 3.1864766 3.1864766 2.7828128 2.7828128 2.7993854 2.7064483 2.6862446 2.7133499 2.6978332 2.6978332 2.6921144 2.8907538 2.8768880 2.8768880 3.0374332 3.2929914 3.3512152 3.1625426 3.1487700 
O85673-O_Acinetobacter-G_antA-T_BLAST       3.5845226 3.5845226 3.5644986 3.5332792 3.5999449 3.3912395 2.7875180 0.0000000 1.5525118 1.4596556 1.5220160 3.6165170 3.6584520 3.8305473 3.8473243 3.7943647 3.4834306 3.3515670 3.4993352 3.3832712 3.3832712 3.4699385 3.4699385 2.8923087 2.8445766 2.8466762 2.8635665 2.8478488 2.8478488 2.8422881 3.2015217 3.1138686 3.1138686 3.0774604 3.0993251 3.0872128 3.2743783 3.0954476 
Q51601-O_Burkholderia-G_cbdA-T_BLAST        3.5941615 3.5941615 3.5716213 3.5043232 3.5505515 3.7360651 2.7289761 1.5525118 0.0000000 0.9376460 0.9555275 3.4835319 3.3072646 3.6694247 3.6856335 3.3121332 3.1184411 3.0300645 3.0787914 3.0158095 3.0158095 2.9500430 2.9500430 2.8263000 2.6927848 2.6952513 2.7113349 2.6968804 2.6968804 2.6790393 3.1762688 3.2025631 3.2025631 3.2254758 3.1596740 3.1652173 3.2657346 3.2567930 
P23099-O_Pseudomonas-G_xylX-T_BLAST         3.8167462 3.8167462 3.4514679 3.3841219 3.5664897 3.3217427 2.5406481 1.4596556 0.9376460 0.0000000 0.7377177 3.6780078 3.2196838 3.3105259 3.3335886 3.2482154 2.9680921 2.9763023 3.0257307 2.9032210 2.9032210 2.8841271 2.8841271 2.9135008 2.9326590 2.9375297 2.9383834 2.9367940 2.9367940 2.9182947 3.1154370 3.0646229 3.0646229 3.0850303 3.1277111 3.1013027 3.3104625 3.2005697 
P07769-O_Acinetobacter-G_benA-T_BLAST       3.9105433 3.9105433 4.0300416 3.9915356 3.9552582 3.5503237 2.6439754 1.5220160 0.9555275 0.7377177 0.0000000 3.8027678 3.2440768 3.1792337 3.1596463 3.4990314 3.1584398 3.1478063 3.1443103 3.1334642 3.1334642 2.9304395 2.9304395 2.7830309 2.8260784 2.8309114 2.8483475 2.8332179 2.8332179 2.8151426 2.9353694 3.0496097 3.0496097 3.0268185 2.9924763 2.9735173 3.0506682 2.9760269 
O52379-O_Ralstonia-G_nagG-T_BLAST           3.8007194 3.8007194 4.1430070 4.0982978 3.4393520 3.5257893 3.4116050 3.6165170 3.4835319 3.6780078 3.8027678 0.0000000 1.9268863 1.9281030 1.9320451 3.1821636 3.2240750 3.1761847 3.1927549 3.1879537 3.1879537 2.9550491 2.9550491 2.9579267 2.8352548 2.8496479 2.8712316 2.8547057 2.8547057 2.8743665 2.9252746 2.9623282 2.9623282 2.9832065 3.0679703 3.0790946 3.0175604 2.8411975 
Q84BZ3-O_Burkholderia-G_andAc-T_BLAST       3.9947529 3.9947529 3.7665904 3.7086535 3.3426873 2.8800158 3.1036719 3.6584520 3.3072646 3.2196838 3.2440768 1.9268863 0.0000000 1.3186767 1.3265206 3.1520671 3.1409913 3.1545615 3.2276655 3.2177138 3.2177138 2.9034060 2.9034060 2.6466255 2.5389050 2.5379581 2.5588928 2.5442448 2.5442448 2.5617421 2.6626364 2.7339905 2.7339905 2.7504312 2.8195982 2.8218124 2.6890702 2.6837744 
Q3C1E3-O_Comamonas-G_tphA2I-T_BLAST         3.7942004 3.7942004 3.7683118 3.7971624 3.5583616 3.1241123 3.4778915 3.8305473 3.6694247 3.3105259 3.1792337 1.9281030 1.3186767 0.0000000 0.0049459 3.1232516 3.2027186 3.1496013 3.1601011 3.1899470 3.1899470 2.9699274 2.9699274 2.7492815 2.6040166 2.6335153 2.6381842 2.6228817 2.6228817 2.6036571 2.6691486 2.9429312 2.9429312 2.9405259 2.8297514 2.8714391 2.7630593 2.7507649 
Q3C1D5-O_Comamonas-G_tphA2II-T_BLAST        3.8232542 3.8232542 3.7986713 3.8278464 3.5795549 3.1330456 3.4944816 3.8473243 3.6856335 3.3335886 3.1596463 1.9320451 1.3265206 0.0049459 0.0000000 3.1293186 3.2090081 3.1557871 3.1663498 3.1961803 3.1961803 2.9743695 2.9743695 2.7587414 2.6128305 2.6424142 2.6471243 2.6317498 2.6317498 2.6124764 2.6762436 2.9508198 2.9508198 2.9484657 2.8371611 2.8789473 2.7787858 2.7525091 
Q45695-O_Burkholderia-G_dntAc-T_BLAST       3.5127523 3.5127523 3.1585617 3.1101281 3.7967087 3.2810090 3.3245929 3.7943647 3.3121332 3.2482154 3.4990314 3.1821636 3.1520671 3.1232516 3.1293186 0.0000000 0.1427783 0.2837960 0.2548083 0.2609494 0.2609494 1.8806594 1.8806594 1.8911550 1.8529026 1.8623127 1.8658102 1.8648196 1.8648196 1.8630795 2.0736941 2.0919453 2.0919453 2.1057004 2.2486877 2.2419582 2.1708685 2.1845800 
O52382-O_Ralstonia-G_nagAc-T_BLAST          3.2059475 3.2059475 2.9350800 2.8907334 3.6405901 3.1379870 3.1445573 3.4834306 3.1184411 2.9680921 3.1584398 3.2240750 3.1409913 3.2027186 3.2090081 0.1427783 0.0000000 0.1435139 0.1144114 0.1253220 0.1253220 1.8458659 1.8458659 1.8701762 1.8530983 1.8625497 1.8532738 1.8645932 1.8645932 1.8628458 2.0388891 2.0125213 2.0125213 2.0352381 2.1584779 2.1593082 2.0771771 2.0926617 
Q51494-O_Pseudomonas-G_ndoB-T_BLAST         3.1152419 3.1152419 2.7417348 2.6932259 3.5864686 3.2553285 3.2015558 3.3515670 3.0300645 2.9763023 3.1478063 3.1761847 3.1545615 3.1496013 3.1557871 0.2837960 0.1435139 0.0000000 0.1047720 0.1123149 0.1123149 1.7954265 1.7954265 1.8547704 1.7920051 1.8011709 1.7865478 1.7973012 1.7973012 1.7956306 2.0090798 1.9476745 1.9476745 1.9553432 2.0411006 2.0416928 1.9608650 1.9916771 
O07824-O_Pseudomonas-G_ndoB-T_BLAST         3.2072363 3.2072363 2.9041696 2.8612568 3.6890610 3.2686281 3.2790164 3.4993352 3.0787914 3.0257307 3.1443103 3.1927549 3.2276655 3.1601011 3.1663498 0.2548083 0.1144114 0.1047720 0.0000000 0.0426248 0.0426248 1.9008030 1.9008030 1.9170500 1.8704560 1.8800311 1.8709585 1.8824741 1.8824741 1.8806994 2.0801019 2.0226925 2.0226925 2.0542445 2.1425880 2.1433815 2.0760121 2.0872774 
P0A111-O_Pseudomonas-G_doxB-T_BLAST         3.1696143 3.1696143 2.8676030 2.8255231 3.7354699 3.2995820 3.1864766 3.3832712 3.0158095 2.9032210 3.1334642 3.1879537 3.2177138 3.1899470 3.1961803 0.2609494 0.1253220 0.1123149 0.0426248 0.0000000 0.0000010 1.8680733 1.8680733 1.8972516 1.8231563 1.8325869 1.8237746 1.8349849 1.8349849 1.8332494 2.0292557 1.9883113 1.9883113 2.0177124 2.1487825 2.1495897 2.0743394 2.0873893 
P0A110-O_Pseudomonas-G_ndoB-T_BLAST         3.1696143 3.1696143 2.8676030 2.8255231 3.7354699 3.2995820 3.1864766 3.3832712 3.0158095 2.9032210 3.1334642 3.1879537 3.2177138 3.1899470 3.1961803 0.2609494 0.1253220 0.1123149 0.0426248 0.0000010 0.0000000 1.8680733 1.8680733 1.8972516 1.8231563 1.8325869 1.8237746 1.8349849 1.8349849 1.8332494 2.0292557 1.9883113 1.9883113 2.0177124 2.1487825 2.1495897 2.0743394 2.0873893 
BAC65448.1-O_Sphingomonas-NCBI              3.2722542 3.2722542 3.0272935 3.0120743 3.2132735 3.5793186 2.7828128 3.4699385 2.9500430 2.8841271 2.9304395 2.9550491 2.9034060 2.9699274 2.9743695 1.8806594 1.8458659 1.7954265 1.9008030 1.8680733 1.8680733 0.0000000 0.0000010 1.5785196 1.5192810 1.5276586 1.5377158 1.5306611 1.5306611 1.5398201 1.5649033 1.7151224 1.7151224 1.7222642 1.6125443 1.6335742 1.7412696 1.7468895 
Q83VJ1-O_Sphingomonas-G_ahdA1a-T_Query      3.2722542 3.2722542 3.0272935 3.0120743 3.2132735 3.5793186 2.7828128 3.4699385 2.9500430 2.8841271 2.9304395 2.9550491 2.9034060 2.9699274 2.9743695 1.8806594 1.8458659 1.7954265 1.9008030 1.8680733 1.8680733 0.0000010 0.0000000 1.5785196 1.5192810 1.5276586 1.5377158 1.5306611 1.5306611 1.5398201 1.5649033 1.7151224 1.7151224 1.7222642 1.6125443 1.6335742 1.7412696 1.7468895 
Q7N4W0-O_Photorhabdus-G_hcaE-T_BLAST        3.5265637 3.5265637 3.4585807 3.3077178 3.5058849 3.3110545 2.7993854 2.8923087 2.8263000 2.9135008 2.7830309 2.9579267 2.6466255 2.7492815 2.7587414 1.8911550 1.8701762 1.8547704 1.9170500 1.8972516 1.8972516 1.5785196 1.5785196 0.0000000 0.2482136 0.2477750 0.2454869 0.2445671 0.2445671 0.2476635 1.1603209 1.1672087 1.1672087 1.1689577 1.2395526 1.2482943 1.2297384 1.2567032 
Q0T1Y1-O_Shigella-G_hcaE-T_BLAST            3.4010136 3.4010136 3.4144436 3.2709800 3.1645833 3.1470238 2.7064483 2.8445766 2.6927848 2.9326590 2.8260784 2.8352548 2.5389050 2.6040166 2.6128305 1.8529026 1.8530983 1.7920051 1.8704560 1.8231563 1.8231563 1.5192810 1.5192810 0.2482136 0.0000000 0.0046407 0.0069855 0.0046472 0.0046472 0.0069782 1.1378897 1.1397105 1.1397105 1.1271022 1.1816921 1.1990584 1.1449303 1.1518366 
Q83K39-O_Shigella-G_hcaE-T_BLAST            3.3971793 3.3971793 3.4105648 3.2672052 3.1625251 3.1453910 2.6862446 2.8466762 2.6952513 2.9375297 2.8309114 2.8496479 2.5379581 2.6335153 2.6424142 1.8623127 1.8625497 1.8011709 1.8800311 1.8325869 1.8325869 1.5276586 1.5276586 0.2477750 0.0046407 0.0000000 0.0069712 0.0046376 0.0046376 0.0069639 1.1284341 1.1299900 1.1299900 1.1174996 1.1716351 1.1889360 1.1353921 1.1507338 
Q31XV2-O_Shigella-G_hcaE-T_BLAST            3.3730863 3.3730863 3.4198516 3.2759728 3.1883709 3.1262889 2.7133499 2.8635665 2.7113349 2.9383834 2.8483475 2.8712316 2.5588928 2.6381842 2.6471243 1.8658102 1.8532738 1.7865478 1.8709585 1.8237746 1.8237746 1.5377158 1.5377158 0.2454869 0.0069855 0.0069712 0.0000000 0.0023189 0.0023189 0.0046429 1.1447859 1.1468068 1.1468068 1.1340774 1.1851965 1.2026345 1.1438388 1.1594527 
Q3YZ15-O_Shigella-G_hcaE-T_BLAST            3.4034809 3.4034809 3.4169394 3.2734052 3.1686002 3.1530058 2.6978332 2.8478488 2.6968804 2.9367940 2.8332179 2.8547057 2.5442448 2.6228817 2.6317498 1.8648196 1.8645932 1.7973012 1.8824741 1.8349849 1.8349849 1.5306611 1.5306611 0.2445671 0.0046472 0.0046376 0.0023189 0.0000000 0.0000010 0.0023165 1.1343035 1.1360243 1.1360243 1.1234551 1.1739744 1.1912963 1.1333302 1.1485994 
P0ABR5-O_Escherichia-G_hcaE-T_BLAST         3.4034809 3.4034809 3.4169394 3.2734052 3.1686002 3.1530058 2.6978332 2.8478488 2.6968804 2.9367940 2.8332179 2.8547057 2.5442448 2.6228817 2.6317498 1.8648196 1.8645932 1.7973012 1.8824741 1.8349849 1.8349849 1.5306611 1.5306611 0.2445671 0.0046472 0.0046376 0.0023189 0.0000010 0.0000000 0.0023165 1.1343035 1.1360243 1.1360243 1.1234551 1.1739744 1.1912963 1.1333302 1.1485994 
A8A344-O_Escherichia-G_hcaE-T_BLAST         3.3997735 3.3997735 3.4131864 3.2697846 3.1921448 3.1303288 2.6921144 2.8422881 2.6790393 2.9182947 2.8151426 2.8743665 2.5617421 2.6036571 2.6124764 1.8630795 1.8628458 1.7956306 1.8806994 1.8332494 1.8332494 1.5398201 1.5398201 0.2476635 0.0069782 0.0069639 0.0046429 0.0023165 0.0023165 0.0000000 1.1410592 1.1429705 1.1429705 1.1303143 1.1811542 1.1985286 1.1401040 1.1555753 
Q53122-O_Rhodococcus-G_bphA1-T_BLAST        3.4579196 3.4579196 3.2621628 3.2518197 3.0039488 3.2147557 2.8907538 3.2015217 3.1762688 3.1154370 2.9353694 2.9252746 2.6626364 2.6691486 2.6762436 2.0736941 2.0388891 2.0090798 2.0801019 2.0292557 2.0292557 1.5649033 1.5649033 1.1603209 1.1378897 1.1284341 1.1447859 1.1343035 1.1343035 1.1410592 0.0000000 0.3120197 0.3120197 0.3430773 0.4983564 0.4990357 0.5174330 0.5368814 
P0C618-O_Pseudomonas-G_bnzA-T_BLAST         3.3026807 3.3026807 3.2148029 3.1856669 3.2227632 3.3113877 2.8768880 3.1138686 3.2025631 3.0646229 3.0496097 2.9623282 2.7339905 2.9429312 2.9508198 2.0919453 2.0125213 1.9476745 2.0226925 1.9883113 1.9883113 1.7151224 1.7151224 1.1672087 1.1397105 1.1299900 1.1468068 1.1360243 1.1360243 1.1429705 0.3120197 0.0000000 0.0000010 0.0870900 0.5441926 0.5606803 0.5165184 0.5674821 
A5W4F2-O_Pseudomonas-G_bnzA-T_BLAST         3.3026807 3.3026807 3.2148029 3.1856669 3.2227632 3.3113877 2.8768880 3.1138686 3.2025631 3.0646229 3.0496097 2.9623282 2.7339905 2.9429312 2.9508198 2.0919453 2.0125213 1.9476745 2.0226925 1.9883113 1.9883113 1.7151224 1.7151224 1.1672087 1.1397105 1.1299900 1.1468068 1.1360243 1.1360243 1.1429705 0.3120197 0.0000010 0.0000000 0.0870900 0.5441926 0.5606803 0.5165184 0.5674821 
Q07944-O_Pseudomonas-G_bedC1-T_BLAST        3.3184864 3.3184864 3.2320276 3.2027953 3.1708197 3.3349051 3.0374332 3.0774604 3.2254758 3.0850303 3.0268185 2.9832065 2.7504312 2.9405259 2.9484657 2.1057004 2.0352381 1.9553432 2.0542445 2.0177124 2.0177124 1.7222642 1.7222642 1.1689577 1.1271022 1.1174996 1.1340774 1.1234551 1.1234551 1.1303143 0.3430773 0.0870900 0.0870900 0.0000000 0.5515169 0.5658831 0.5262793 0.5555009 
Q52028-O_Pseudomonas-G_bphA-T_BLAST         3.5247325 3.5247325 3.5330975 3.5127354 3.0906519 3.3209271 3.2929914 3.0993251 3.1596740 3.1277111 2.9924763 3.0679703 2.8195982 2.8297514 2.8371611 2.2486877 2.1584779 2.0411006 2.1425880 2.1487825 2.1487825 1.6125443 1.6125443 1.2395526 1.1816921 1.1716351 1.1851965 1.1739744 1.1739744 1.1811542 0.4983564 0.5441926 0.5441926 0.5515169 0.0000000 0.0451976 0.3039884 0.3120424 
P37333-O_Paraburkholderia-G_bphA-T_BLAST    3.5318551 3.5318551 3.5476156 3.5271795 3.1584745 3.3338690 3.3512152 3.0872128 3.1652173 3.1013027 2.9735173 3.0790946 2.8218124 2.8714391 2.8789473 2.2419582 2.1593082 2.0416928 2.1433815 2.1495897 2.1495897 1.6335742 1.6335742 1.2482943 1.1990584 1.1889360 1.2026345 1.1912963 1.1912963 1.1985286 0.4990357 0.5606803 0.5606803 0.5658831 0.0451976 0.0000000 0.3255629 0.3397777 
Q46372-O_Comamonas-G_bphA-T_BLAST           3.3018849 3.3018849 3.3401069 3.3213536 3.0549932 3.0653183 3.1625426 3.2743783 3.2657346 3.3104625 3.0506682 3.0175604 2.6890702 2.7630593 2.7787858 2.1708685 2.0771771 1.9608650 2.0760121 2.0743394 2.0743394 1.7412696 1.7412696 1.2297384 1.1449303 1.1353921 1.1438388 1.1333302 1.1333302 1.1401040 0.5174330 0.5165184 0.5165184 0.5262793 0.3039884 0.3255629 0.0000000 0.2183910 
Q52438-O_Pseudomonas-G_bphA1-T_BLAST        3.3959691 3.3959691 3.3697671 3.3375814 3.0397856 3.0484385 3.1487700 3.0954476 3.2567930 3.2005697 2.9760269 2.8411975 2.6837744 2.7507649 2.7525091 2.1845800 2.0926617 1.9916771 2.0872774 2.0873893 2.0873893 1.7468895 1.7468895 1.2567032 1.1518366 1.1507338 1.1594527 1.1485994 1.1485994 1.1555753 0.5368814 0.5674821 0.5674821 0.5555009 0.3120424 0.3397777 0.2183910 0.0000000 
