50
D5IGG0-O_Sphingomonas-G_carAa-T_BLAST       0.0000000 5.7022151 5.7022151 5.5500059 5.4549912 5.8764868 5.9930409 4.9557933 5.0712366 4.9656037 5.4577646 5.0892425 5.8940829 5.7687968 5.8001084 6.2289714 5.1378501 4.9705529 5.0636667 5.1250965 4.8379711 4.8379711 4.1426215 4.0522804 4.0687079 4.0816094 4.0515733 4.0515733 4.0476752 4.1323102 4.4149323 4.4149323 4.4758177 4.5390187 4.5366190 4.4998083 4.3050257 5.0634369 5.0902265 4.9272536 4.8882568 4.8825777 4.8825777 4.9310559 4.5235463 4.8862769 4.2757619 4.2995882 4.2498983 4.1179799 
P0ABR7-O_Escherichia-G_yeaW-T_BLAST         5.7022151 0.0000000 0.0000010 0.4205211 0.4201425 3.5537121 3.3434875 3.6268056 3.6369884 3.6137850 4.0112472 4.1788813 4.2498563 4.4414657 4.4799451 3.4947266 3.6991417 3.4928053 3.3661747 3.4880940 3.5067847 3.5067847 3.8843474 3.7083847 3.7049857 3.6736381 3.7072033 3.7072033 3.7035063 3.8553050 3.7234032 3.7234032 3.8201477 3.7584610 3.8183508 3.6155725 3.6625359 4.0396241 4.0858133 4.0089581 3.9850310 3.9906528 3.9906528 4.0273075 3.9100825 4.0040152 4.1202631 3.7282692 3.5856051 4.3449343 
P0ABR8-O_Escherichia-G_yeaW-T_BLAST         5.7022151 0.0000010 0.0000000 0.4205211 0.4201425 3.5537121 3.3434875 3.6268056 3.6369884 3.6137850 4.0112472 4.1788813 4.2498563 4.4414657 4.4799451 3.4947266 3.6991417 3.4928053 3.3661747 3.4880940 3.5067847 3.5067847 3.8843474 3.7083847 3.7049857 3.6736381 3.7072033 3.7072033 3.7035063 3.8553050 3.7234032 3.7234032 3.8201477 3.7584610 3.8183508 3.6155725 3.6625359 4.0396241 4.0858133 4.0089581 3.9850310 3.9906528 3.9906528 4.0273075 3.9100825 4.0040152 4.1202631 3.7282692 3.5856051 4.3449343 
F0KFI5-O_Acinetobacter-G_yeaW-T_BLAST       5.5500059 0.4205211 0.4205211 0.0000000 0.0170620 3.5355336 3.3463331 3.6874238 3.5279173 3.9485617 3.9205157 4.2376953 4.3620775 4.0312014 4.1997347 3.7725602 3.4720509 3.4483673 3.1226573 3.2846008 3.2547106 3.2547106 3.8439773 3.7582620 3.7548176 3.7614775 3.7570602 3.7570602 3.7533029 3.5113959 3.4726691 3.4726691 3.6056501 3.7752606 3.8249136 3.5639136 3.5469718 3.8855086 3.9139511 3.8400373 3.7971418 3.7944670 3.7944670 3.8393619 3.7407804 3.8071668 3.8472120 3.5510458 3.5020043 4.1081444 
D0C9N6-O_Acinetobacter-G_cntA-T_BLAST       5.4549912 0.4201425 0.4201425 0.0170620 0.0000000 3.5448906 3.4104309 3.6328211 3.4907171 3.9612728 3.9259561 4.2779306 4.3739680 4.1144281 4.2876397 3.6111552 3.4432184 3.4062895 3.0790622 3.2451776 3.2184880 3.2184880 3.7662620 3.6779757 3.6745669 3.6809837 3.6767935 3.6767935 3.6730928 3.4952700 3.4564283 3.4564283 3.5882295 3.7094834 3.7581681 3.5060980 3.4737713 3.8028336 3.8307123 3.7621312 3.7155581 3.7180839 3.7180839 3.7615283 3.6600462 3.7303000 3.7913988 3.3754618 3.3271983 3.8542796 
Q9RBG5-O_Alcaligenes-G_absAa-T_BLAST        5.8764868 3.5537121 3.5537121 3.5355336 3.5448906 0.0000000 1.8337267 3.5052857 3.8644529 3.5912817 3.6065775 3.7048312 2.9724476 3.0250090 3.0820214 3.8669842 3.5855483 3.3370556 3.4701194 3.5516516 3.5496598 3.5496598 2.8406671 2.8365267 2.8385672 2.8196079 2.8435759 2.8435759 2.8205244 3.0241310 3.0838240 3.0838240 3.0711559 3.2494441 3.3379609 3.0136736 2.9665127 3.5965647 3.6152970 3.5360347 3.4686498 3.5114179 3.4979707 3.5359167 3.3646586 3.5170543 4.0861187 3.5646267 3.4707593 4.1625699 
Q9X404-O_Methylosulfonomonas-G_msmA-T_BLAST 5.9930409 3.3434875 3.3434875 3.3463331 3.4104309 1.8337267 0.0000000 3.4108555 3.6273045 3.9478301 3.8660464 4.0365707 3.7209468 3.9019447 3.8426317 3.9201436 3.8193514 3.8710741 3.6455533 3.8344573 3.8089776 3.8089776 3.2975439 3.0188508 3.0209997 3.0431625 3.0246233 3.0246233 3.0474127 3.0614193 3.1871669 3.1871669 3.1423607 3.2656833 3.2587519 3.2474843 3.1643424 3.6543035 3.6777764 3.6231852 3.5889388 3.6360485 3.6360485 3.6130737 3.6709407 3.6130737 4.9305528 3.8630634 4.1118321 4.8612748 
O85673-O_Acinetobacter-G_antA-T_BLAST       4.9557933 3.6268056 3.6268056 3.6874238 3.6328211 3.5052857 3.4108555 0.0000000 1.5551655 1.4470377 1.3964330 3.9434685 3.7594512 4.4555988 4.4094817 3.3496748 3.7583767 3.6363601 3.4621379 3.5685471 3.5147762 3.5147762 3.4040811 3.2598847 3.2576201 3.2792171 3.2610605 3.2610605 3.2552329 3.3755506 3.1793107 3.1793107 3.2138792 3.4301897 3.3486687 3.3750158 3.2886717 3.4042933 3.4845272 3.4799076 3.4511503 3.4584125 3.4584125 3.4779276 3.4979810 3.4688083 4.1758115 3.5849650 3.6331448 4.2204958 
Q51601-O_Burkholderia-G_cbdA-T_BLAST        5.0712366 3.6369884 3.6369884 3.5279173 3.4907171 3.8644529 3.6273045 1.5551655 0.0000000 0.9494249 0.8719270 3.9119648 3.4086467 4.2781382 4.3525418 2.9794713 3.5367783 3.4252446 3.4011308 3.4442287 3.4406759 3.4406759 3.0582075 3.0374643 3.0348244 3.0554345 3.0390948 3.0390948 3.0186047 3.0890904 3.1438277 3.1438277 3.0987652 3.2413943 3.2517085 3.2082598 3.2517357 3.3186156 3.3012143 3.3631472 3.3355295 3.3191260 3.3191260 3.3500238 3.0814868 3.3523310 3.6940925 3.1345103 3.2694952 3.5743181 
P07769-O_Acinetobacter-G_benA-T_BLAST       4.9656037 3.6137850 3.6137850 3.9485617 3.9612728 3.5912817 3.9478301 1.4470377 0.9494249 0.0000000 0.6253021 4.1943491 3.4531869 3.3470334 3.3765360 3.0410812 3.4143268 3.1908241 3.2951656 3.4056978 3.3690657 3.3690657 2.9806813 3.0722359 3.0670272 3.0913112 3.0745641 3.0745641 3.0536963 2.9134070 3.1081987 3.1081987 2.9910912 3.0266027 3.0209421 2.9910880 2.9109821 3.2804560 3.3465516 3.2553881 3.2417417 3.2094694 3.2094694 3.2423058 3.0055601 3.2418330 3.8052761 3.1739159 3.1253852 3.4088031 
P23099-O_Pseudomonas-G_xylX-T_BLAST         5.4577646 4.0112472 4.0112472 3.9205157 3.9259561 3.6065775 3.8660464 1.3964330 0.8719270 0.6253021 0.0000000 4.0119913 3.3437574 3.3681177 3.4170047 2.7936240 3.4005397 3.1834082 3.1841966 3.2299519 3.0795777 3.0795777 2.9896045 3.0844961 3.0792160 3.0859453 3.0836058 3.0836058 3.0624269 3.1442359 3.0687364 3.0687364 3.0754973 3.1548180 3.0884042 3.2738597 3.1100950 3.2519680 3.2578672 3.2789216 3.2488907 3.2548315 3.2548315 3.2644197 3.0445256 3.2650707 3.7925667 3.5313073 3.5572781 3.9747262 
O52379-O_Ralstonia-G_nagG-T_BLAST           5.0892425 4.1788813 4.1788813 4.2376953 4.2779306 3.7048312 4.0365707 3.9434685 3.9119648 4.1943491 4.0119913 0.0000000 1.9169050 1.9581703 1.9304569 3.3023447 3.3362836 3.3873170 3.3641659 3.3614537 3.3730555 3.3730555 3.2594283 3.1878723 3.1697173 3.2130318 3.1936008 3.1936008 3.2175406 2.9784238 3.1051390 3.1051390 3.1222360 3.3096789 3.3300639 3.1599947 3.1111137 3.6494960 3.6501390 3.5353913 3.4993371 3.5492700 3.5492700 3.5719545 3.3924148 3.5725861 3.8569581 3.6728512 3.6074988 3.9627580 
Q84BZ3-O_Burkholderia-G_andAc-T_BLAST       5.8940829 4.2498563 4.2498563 4.3620775 4.3739680 2.9724476 3.7209468 3.7594512 3.4086467 3.4531869 3.3437574 1.9169050 0.0000000 1.4616488 1.5017387 3.3026044 3.3333282 3.3887920 3.4343307 3.3814008 3.4145928 3.4145928 2.8787544 2.8016453 2.8027890 2.8242136 2.8082224 2.8082224 2.8278410 2.8234040 2.8316528 2.8316528 2.8454307 2.9692221 2.9870932 2.9021437 2.8759144 2.9628450 2.9672023 2.8384764 2.8189835 2.8283500 2.8283500 2.8328839 2.7309798 2.8328839 3.9394497 3.5180850 3.6741811 4.0478294 
Q3C1E3-O_Comamonas-G_tphA2I-T_BLAST         5.7687968 4.4414657 4.4414657 4.0312014 4.1144281 3.0250090 3.9019447 4.4555988 4.2781382 3.3470334 3.3681177 1.9581703 1.4616488 0.0000000 0.0230299 3.5205777 3.2499539 3.3242901 3.3790391 3.3994826 3.4439207 3.4439207 2.8388018 2.7402439 2.7067806 2.7436146 2.7276676 2.7276676 2.7065160 2.7856720 3.2711112 3.2711112 3.2062579 2.9656730 2.9690807 2.8937897 2.9489209 3.3754541 3.3801013 3.2591755 3.2755091 3.1933531 3.1933531 3.2414939 3.0328709 3.2179262 3.9046939 3.7766006 3.7874208 4.0582799 
Q3C1D5-O_Comamonas-G_tphA2II-T_BLAST        5.8001084 4.4799451 4.4799451 4.1997347 4.2876397 3.0820214 3.8426317 4.4094817 4.3525418 3.3765360 3.4170047 1.9304569 1.5017387 0.0230299 0.0000000 3.5005883 3.2914002 3.3667805 3.4231439 3.3830953 3.4525297 3.4525297 2.8907784 2.7994272 2.7651539 2.8030023 2.7865401 2.7865401 2.7649401 2.7971116 3.1871451 3.1871451 3.1780875 3.0004398 3.0038943 2.9124579 2.9607750 3.4513661 3.4565319 3.3323454 3.3490347 3.2974454 3.2974454 3.3472022 3.1368487 3.3227186 3.9126588 3.8318790 3.7948957 4.0674245 
Q51974-O_Pseudomonas-G_cmtAb-T_BLAST        6.2289714 3.4947266 3.4947266 3.7725602 3.6111552 3.8669842 3.9201436 3.3496748 2.9794713 3.0410812 2.7936240 3.3023447 3.3026044 3.5205777 3.5005883 0.0000000 3.3462453 3.1798538 3.1519218 3.1186731 3.1222611 3.1222611 3.0200479 2.9019124 2.9243985 2.9319242 2.9154158 2.9154158 2.9097204 3.1855315 3.1383547 3.1383547 3.2943230 3.2739664 3.3723833 3.1582264 3.2714374 2.9411467 3.0165891 2.9860061 2.9703366 2.9422943 2.9422943 2.9749514 2.7755790 2.9868339 3.2010293 3.0550360 3.1641098 3.3249531 
Q45695-O_Burkholderia-G_dntAc-T_BLAST       5.1378501 3.6991417 3.6991417 3.4720509 3.4432184 3.5855483 3.8193514 3.7583767 3.5367783 3.4143268 3.4005397 3.3362836 3.3333282 3.2499539 3.2914002 3.3462453 0.0000000 0.1575567 0.3417754 0.3012930 0.3087619 0.3087619 1.8494423 1.8297525 1.8199641 1.8332745 1.8321584 1.8321584 1.8304588 2.2382869 2.1370409 2.1370409 2.1749176 2.3863040 2.3862171 2.2489449 2.3190005 2.6467240 2.6395643 2.5559038 2.5911482 2.5632132 2.5632132 2.5440099 2.4833222 2.5596239 3.1075856 2.8404106 2.8233534 3.0097914 
O52382-O_Ralstonia-G_nagAc-T_BLAST          4.9705529 3.4928053 3.4928053 3.4483673 3.4062895 3.3370556 3.8710741 3.6363601 3.4252446 3.1908241 3.1834082 3.3873170 3.3887920 3.3242901 3.3667805 3.1798538 0.1575567 0.0000000 0.1681592 0.1344453 0.1463805 0.1463805 1.8596999 1.8457732 1.8359121 1.8365624 1.8477224 1.8477224 1.8460093 2.1651590 2.1019281 2.1019281 2.1268513 2.2729335 2.2958895 2.1319178 2.2232837 2.6501387 2.6428118 2.5569899 2.5919473 2.5501391 2.5501391 2.5504773 2.4231844 2.5599827 3.2194608 2.8461952 2.9234647 3.1289571 
Q51494-O_Pseudomonas-G_ndoB-T_BLAST         5.0636667 3.3661747 3.3661747 3.1226573 3.0790622 3.4701194 3.6455533 3.4621379 3.4011308 3.2951656 3.1841966 3.3641659 3.4343307 3.3790391 3.4231439 3.1519218 0.3417754 0.1681592 0.0000000 0.1050204 0.1125934 0.1125934 1.9033148 1.8405214 1.8307323 1.8255326 1.8365480 1.8365480 1.8348549 2.1569006 2.0506016 2.0506016 2.0578152 2.1986936 2.2229394 2.0629858 2.1860886 2.6929087 2.6917217 2.5871586 2.6218682 2.5788589 2.5788589 2.5807072 2.4654425 2.5901234 3.2423567 2.9267118 2.9409402 3.1380168 
O07824-O_Pseudomonas-G_ndoB-T_BLAST         5.1250965 3.4880940 3.4880940 3.2846008 3.2451776 3.5516516 3.8344573 3.5685471 3.4442287 3.4056978 3.2299519 3.3614537 3.3814008 3.3994826 3.3830953 3.1186731 0.3012930 0.1344453 0.1050204 0.0000000 0.0426665 0.0426665 1.9479435 1.8896859 1.8795504 1.8805021 1.8920523 1.8920523 1.8902884 2.2078032 2.1069756 2.1069756 2.1342887 2.3232622 2.3522438 2.2004452 2.3095056 2.6889066 2.7095372 2.6042454 2.6396759 2.5958017 2.5958017 2.5976707 2.5007986 2.6072673 3.3127588 3.0562782 2.9455123 3.1992174 
P0A111-O_Pseudomonas-G_doxB-T_BLAST         4.8379711 3.5067847 3.5067847 3.2547106 3.2184880 3.5496598 3.8089776 3.5147762 3.4406759 3.3690657 3.0795777 3.3730555 3.4145928 3.4439207 3.4525297 3.1222611 0.3087619 0.1463805 0.1125934 0.0426665 0.0000000 0.0000010 1.9487979 1.8724171 1.8623466 1.8633203 1.8747653 1.8747653 1.8730139 2.1803489 2.0949350 2.0949350 2.1243299 2.3156017 2.3409226 2.1835234 2.2939263 2.7065663 2.7273234 2.6452846 2.6812669 2.6367742 2.6367742 2.6386317 2.5263074 2.6483442 3.3139472 3.0514778 2.9551053 3.1798328 
P0A110-O_Pseudomonas-G_ndoB-T_BLAST         4.8379711 3.5067847 3.5067847 3.2547106 3.2184880 3.5496598 3.8089776 3.5147762 3.4406759 3.3690657 3.0795777 3.3730555 3.4145928 3.4439207 3.4525297 3.1222611 0.3087619 0.1463805 0.1125934 0.0426665 0.0000010 0.0000000 1.9487979 1.8724171 1.8623466 1.8633203 1.8747653 1.8747653 1.8730139 2.1803489 2.0949350 2.0949350 2.1243299 2.3156017 2.3409226 2.1835234 2.2939263 2.7065663 2.7273234 2.6452846 2.6812669 2.6367742 2.6367742 2.6386317 2.5263074 2.6483442 3.3139472 3.0514778 2.9551053 3.1798328 
Q7N4W0-O_Photorhabdus-G_hcaE-T_BLAST        4.1426215 3.8843474 3.8843474 3.8439773 3.7662620 2.8406671 3.2975439 3.4040811 3.0582075 2.9806813 2.9896045 3.2594283 2.8787544 2.8388018 2.8907784 3.0200479 1.8494423 1.8596999 1.9033148 1.9479435 1.9487979 1.9487979 0.0000000 0.2493519 0.2498117 0.2470880 0.2461225 0.2461225 0.2492590 1.1823642 1.1856471 1.1856471 1.1873699 1.2633917 1.2723523 1.2528816 1.2835297 2.1838944 2.2166753 2.2236081 2.2203761 2.2300306 2.2300306 2.2325511 2.0686565 2.2238949 2.6903792 2.2101484 2.2898744 2.5190834 
Q83K39-O_Shigella-G_hcaE-T_BLAST            4.0522804 3.7083847 3.7083847 3.7582620 3.6779757 2.8365267 3.0188508 3.2598847 3.0374643 3.0722359 3.0844961 3.1878723 2.8016453 2.7402439 2.7994272 2.9019124 1.8297525 1.8457732 1.8405214 1.8896859 1.8724171 1.8724171 0.2493519 0.0000000 0.0046412 0.0069723 0.0046379 0.0046379 0.0069649 1.1511304 1.1540597 1.1540597 1.1416052 1.1947317 1.2121594 1.1561882 1.1752520 2.0496331 2.0237953 2.0455827 2.0423490 2.0405465 2.0405465 2.0537977 1.9389833 2.0459396 2.6158823 2.2560604 2.3177374 2.5244326 
Q0T1Y1-O_Shigella-G_hcaE-T_BLAST            4.0687079 3.7049857 3.7049857 3.7548176 3.6745669 2.8385672 3.0209997 3.2576201 3.0348244 3.0670272 3.0792160 3.1697173 2.8027890 2.7067806 2.7651539 2.9243985 1.8199641 1.8359121 1.8307323 1.8795504 1.8623466 1.8623466 0.2498117 0.0046412 0.0000000 0.0069872 0.0046479 0.0046479 0.0069798 1.1607358 1.1639144 1.1639144 1.1513544 1.2049403 1.2224338 1.1658774 1.1763334 2.0385296 2.0127896 2.0470604 2.0438280 2.0420264 2.0420264 2.0552784 1.9405103 2.0474166 2.6179670 2.2576569 2.3193583 2.5265127 
Q31XV2-O_Shigella-G_hcaE-T_BLAST            4.0816094 3.6736381 3.6736381 3.7614775 3.6809837 2.8196079 3.0431625 3.2792171 3.0554345 3.0913112 3.0859453 3.2130318 2.8242136 2.7436146 2.8030023 2.9319242 1.8332745 1.8365624 1.8255326 1.8805021 1.8633203 1.8633203 0.2470880 0.0069723 0.0069872 0.0000000 0.0023191 0.0023191 0.0046437 1.1681453 1.1715263 1.1715263 1.1588510 1.2088085 1.2263751 1.1650047 1.1843800 2.0509161 2.0250209 2.0594521 2.0562158 2.0544144 2.0544144 2.0677300 1.9528421 2.0598041 2.6322028 2.2677002 2.3324354 2.5440336 
Q3YZ15-O_Shigella-G_hcaE-T_BLAST            4.0515733 3.7072033 3.7072033 3.7570602 3.6767935 2.8435759 3.0246233 3.2610605 3.0390948 3.0745641 3.0836058 3.1936008 2.8082224 2.7276676 2.7865401 2.9154158 1.8321584 1.8477224 1.8365480 1.8920523 1.8747653 1.8747653 0.2461225 0.0046379 0.0046479 0.0023191 0.0000000 0.0000010 0.0023167 1.1571672 1.1602536 1.1602536 1.1477300 1.1970630 1.2145091 1.1540015 1.1729817 2.0407486 2.0149839 2.0492793 2.0460465 2.0442452 2.0442452 2.0575069 1.9427313 2.0496347 2.6215442 2.2601936 2.3246995 2.5336116 
P0ABR5-O_Escherichia-G_hcaE-T_BLAST         4.0515733 3.7072033 3.7072033 3.7570602 3.6767935 2.8435759 3.0246233 3.2610605 3.0390948 3.0745641 3.0836058 3.1936008 2.8082224 2.7276676 2.7865401 2.9154158 1.8321584 1.8477224 1.8365480 1.8920523 1.8747653 1.8747653 0.2461225 0.0046379 0.0046479 0.0023191 0.0000010 0.0000000 0.0023167 1.1571672 1.1602536 1.1602536 1.1477300 1.1970630 1.2145091 1.1540015 1.1729817 2.0407486 2.0149839 2.0492793 2.0460465 2.0442452 2.0442452 2.0575069 1.9427313 2.0496347 2.6215442 2.2601936 2.3246995 2.5336116 
A8A344-O_Escherichia-G_hcaE-T_BLAST         4.0476752 3.7035063 3.7035063 3.7533029 3.6730928 2.8205244 3.0474127 3.2552329 3.0186047 3.0536963 3.0624269 3.2175406 2.8278410 2.7065160 2.7649401 2.9097204 1.8304588 1.8460093 1.8348549 1.8902884 1.8730139 1.8730139 0.2492590 0.0069649 0.0069798 0.0046437 0.0023167 0.0023167 0.0000000 1.1641806 1.1674507 1.1674507 1.1548461 1.2045146 1.2220156 1.1610347 1.1802428 2.0533781 2.0274671 2.0619101 2.0586749 2.0568746 2.0568746 2.0701954 1.9553565 2.0622611 2.6137993 2.2430757 2.3071586 2.5105125 
Q53122-O_Rhodococcus-G_bphA1-T_BLAST        4.1323102 3.8553050 3.8553050 3.5113959 3.4952700 3.0241310 3.0614193 3.3755506 3.0890904 2.9134070 3.1442359 2.9784238 2.8234040 2.7856720 2.7971116 3.1855315 2.2382869 2.1651590 2.1569006 2.2078032 2.1803489 2.1803489 1.1823642 1.1511304 1.1607358 1.1681453 1.1571672 1.1571672 1.1641806 0.0000000 0.3146010 0.3146010 0.3461362 0.5077421 0.5085955 0.5274812 0.5491602 2.0277204 2.0566720 1.9594816 1.9724755 1.9759812 1.9759812 1.9731688 1.7458400 1.9759949 2.4318540 2.2243472 2.3404371 2.4847786 
P0C618-O_Pseudomonas-G_bnzA-T_BLAST         4.4149323 3.7234032 3.7234032 3.4726691 3.4564283 3.0838240 3.1871669 3.1793107 3.1438277 3.1081987 3.0687364 3.1051390 2.8316528 3.2711112 3.1871451 3.1383547 2.1370409 2.1019281 2.0506016 2.1069756 2.0949350 2.0949350 1.1856471 1.1540597 1.1639144 1.1715263 1.1602536 1.1602536 1.1674507 0.3146010 0.0000000 0.0000010 0.0872191 0.5474003 0.5642573 0.5192027 0.5728218 1.9933064 2.0405313 1.9316138 1.9446721 1.9533784 1.9533784 1.9332606 1.7852676 1.9483574 2.4706333 2.3961702 2.4407710 2.5905174 
A5W4F2-O_Pseudomonas-G_bnzA-T_BLAST         4.4149323 3.7234032 3.7234032 3.4726691 3.4564283 3.0838240 3.1871669 3.1793107 3.1438277 3.1081987 3.0687364 3.1051390 2.8316528 3.2711112 3.1871451 3.1383547 2.1370409 2.1019281 2.0506016 2.1069756 2.0949350 2.0949350 1.1856471 1.1540597 1.1639144 1.1715263 1.1602536 1.1602536 1.1674507 0.3146010 0.0000010 0.0000000 0.0872191 0.5474003 0.5642573 0.5192027 0.5728218 1.9933064 2.0405313 1.9316138 1.9446721 1.9533784 1.9533784 1.9332606 1.7852676 1.9483574 2.4706333 2.3961702 2.4407710 2.5905174 
Q07944-O_Pseudomonas-G_bedC1-T_BLAST        4.4758177 3.8201477 3.8201477 3.6056501 3.5882295 3.0711559 3.1423607 3.2138792 3.0987652 2.9910912 3.0754973 3.1222360 2.8454307 3.2062579 3.1780875 3.2943230 2.1749176 2.1268513 2.0578152 2.1342887 2.1243299 2.1243299 1.1873699 1.1416052 1.1513544 1.1588510 1.1477300 1.1477300 1.1548461 0.3461362 0.0872191 0.0872191 0.0000000 0.5551137 0.5698250 0.5294088 0.5610000 1.9806608 2.0133714 1.9187307 1.9317622 1.9403956 1.9403956 1.9205612 1.7837602 1.9354576 2.5146549 2.4644286 2.5257789 2.6849543 
Q52028-O_Pseudomonas-G_bphA-T_BLAST         4.5390187 3.7584610 3.7584610 3.7752606 3.7094834 3.2494441 3.2656833 3.4301897 3.2413943 3.0266027 3.1548180 3.3096789 2.9692221 2.9656730 3.0004398 3.2739664 2.3863040 2.2729335 2.1986936 2.3232622 2.3156017 2.3156017 1.2633917 1.1947317 1.2049403 1.2088085 1.1970630 1.1970630 1.2045146 0.5077421 0.5474003 0.5474003 0.5551137 0.0000000 0.0452488 0.3062787 0.3156640 1.9587466 1.9619790 1.8587346 1.8793936 1.8695039 1.8695039 1.8773463 1.6746715 1.8702569 2.4866020 2.3840867 2.3977700 2.5105380 
P37333-O_Paraburkholderia-G_bphA-T_BLAST    4.5366190 3.8183508 3.8183508 3.8249136 3.7581681 3.3379609 3.2587519 3.3486687 3.2517085 3.0209421 3.0884042 3.3300639 2.9870932 2.9690807 3.0038943 3.3723833 2.3862171 2.2958895 2.2229394 2.3522438 2.3409226 2.3409226 1.2723523 1.2121594 1.2224338 1.2263751 1.2145091 1.2145091 1.2220156 0.5085955 0.5642573 0.5642573 0.5698250 0.0452488 0.0000000 0.3282528 0.3440065 2.0182993 2.0219587 1.9050861 1.9238887 1.9137552 1.9137552 1.9216756 1.7173287 1.9143925 2.5199834 2.3682283 2.3816783 2.4899994 
Q46372-O_Comamonas-G_bphA-T_BLAST           4.4998083 3.6155725 3.6155725 3.5639136 3.5060980 3.0136736 3.2474843 3.3750158 3.2082598 2.9910880 3.2738597 3.1599947 2.9021437 2.8937897 2.9124579 3.1582264 2.2489449 2.1319178 2.0629858 2.2004452 2.1835234 2.1835234 1.2528816 1.1561882 1.1658774 1.1650047 1.1540015 1.1540015 1.1610347 0.5274812 0.5192027 0.5192027 0.5294088 0.3062787 0.3282528 0.0000000 0.2207513 1.9783210 2.0117576 1.9389830 1.9521841 1.9494059 1.9494059 1.9670561 1.7806128 1.9548911 2.5332184 2.4213135 2.4398714 2.5823928 
Q52438-O_Pseudomonas-G_bphA1-T_BLAST        4.3050257 3.6625359 3.6625359 3.5469718 3.4737713 2.9665127 3.1643424 3.2886717 3.2517357 2.9109821 3.1100950 3.1111137 2.8759144 2.9489209 2.9607750 3.2714374 2.3190005 2.2232837 2.1860886 2.3095056 2.2939263 2.2939263 1.2835297 1.1752520 1.1763334 1.1843800 1.1729817 1.1729817 1.1802428 0.5491602 0.5728218 0.5728218 0.5610000 0.3156640 0.3440065 0.2207513 0.0000000 2.0332660 2.0626962 1.9583148 1.9718536 1.9740288 1.9740288 1.9869264 1.7633618 1.9745104 2.5631906 2.4281854 2.4400128 2.6676584 
Q0PET4-O_Rhodococcus-G_narAa-T_Query        5.0634369 4.0396241 4.0396241 3.8855086 3.8028336 3.5965647 3.6543035 3.4042933 3.3186156 3.2804560 3.2519680 3.6494960 2.9628450 3.3754541 3.4513661 2.9411467 2.6467240 2.6501387 2.6929087 2.6889066 2.7065663 2.7065663 2.1838944 2.0496331 2.0385296 2.0509161 2.0407486 2.0407486 2.0533781 2.0277204 1.9933064 1.9933064 1.9806608 1.9587466 2.0182993 1.9783210 2.0332660 0.0000000 0.0717625 0.1007199 0.1163906 0.1191359 0.1163063 0.1216525 0.1216505 0.1164373 1.7155426 1.6086579 1.6492700 1.6896624 
Q9X3R9-O_Rhodococcus-G_narAa-T_Query        5.0902265 4.0858133 4.0858133 3.9139511 3.8307123 3.6152970 3.6777764 3.4845272 3.3012143 3.3465516 3.2578672 3.6501390 2.9672023 3.3801013 3.4565319 3.0165891 2.6395643 2.6428118 2.6917217 2.7095372 2.7273234 2.7273234 2.2166753 2.0237953 2.0127896 2.0250209 2.0149839 2.0149839 2.0274671 2.0566720 2.0405313 2.0405313 2.0133714 1.9619790 2.0219587 2.0117576 2.0626962 0.0717625 0.0000000 0.1219332 0.1385137 0.1414715 0.1384402 0.1413599 0.1461800 0.1386016 1.7115086 1.5938560 1.6343974 1.6713911 
C1BE09-O_Rhodococcus-G_narAa-T_Query        4.9272536 4.0089581 4.0089581 3.8400373 3.7621312 3.5360347 3.6231852 3.4799076 3.3631472 3.2553881 3.2789216 3.5353913 2.8384764 3.2591755 3.3323454 2.9860061 2.5559038 2.5569899 2.5871586 2.6042454 2.6452846 2.6452846 2.2236081 2.0455827 2.0470604 2.0594521 2.0492793 2.0492793 2.0619101 1.9594816 1.9316138 1.9316138 1.9187307 1.8587346 1.9050861 1.9389830 1.9583148 0.1007199 0.1219332 0.0000000 0.0160446 0.0206714 0.0230005 0.0183626 0.0149517 0.0137428 1.6678516 1.5779990 1.5883114 1.6334761 
A0A2H4GVN5-O_Rhodococcus-G_narAa-T_Query    4.8882568 3.9850310 3.9850310 3.7971418 3.7155581 3.4686498 3.5889388 3.4511503 3.3355295 3.2417417 3.2488907 3.4993371 2.8189835 3.2755091 3.3490347 2.9703366 2.5911482 2.5919473 2.6218682 2.6396759 2.6812669 2.6812669 2.2203761 2.0423490 2.0438280 2.0562158 2.0460465 2.0460465 2.0586749 1.9724755 1.9446721 1.9446721 1.9317622 1.8793936 1.9238887 1.9521841 1.9718536 0.1163906 0.1385137 0.0160446 0.0000000 0.0183679 0.0206930 0.0160613 0.0099470 0.0114481 1.6803625 1.5558805 1.5661466 1.6123189 
A0A286NGM5-O_Rhodococcus-G_nidA-T_Query     4.8825777 3.9906528 3.9906528 3.7944670 3.7180839 3.5114179 3.6360485 3.4584125 3.3191260 3.2094694 3.2548315 3.5492700 2.8283500 3.1933531 3.2974454 2.9422943 2.5632132 2.5501391 2.5788589 2.5958017 2.6367742 2.6367742 2.2300306 2.0405465 2.0420264 2.0544144 2.0442452 2.0442452 2.0568746 1.9759812 1.9533784 1.9533784 1.9403956 1.8695039 1.9137552 1.9494059 1.9740288 0.1191359 0.1414715 0.0206714 0.0183679 0.0000000 0.0022681 0.0113972 0.0049430 0.0068240 1.6653993 1.5593986 1.5697268 1.6168756 
Q6TML2-O_Rhodococcus-G_narAa-T_Query        4.8825777 3.9906528 3.9906528 3.7944670 3.7180839 3.4979707 3.6360485 3.4584125 3.3191260 3.2094694 3.2548315 3.5492700 2.8283500 3.1933531 3.2974454 2.9422943 2.5632132 2.5501391 2.5788589 2.5958017 2.6367742 2.6367742 2.2300306 2.0405465 2.0420264 2.0544144 2.0442452 2.0442452 2.0568746 1.9759812 1.9533784 1.9533784 1.9403956 1.8695039 1.9137552 1.9494059 1.9740288 0.1163063 0.1384402 0.0230005 0.0206930 0.0022681 0.0000000 0.0136958 0.0074257 0.0091114 1.6776323 1.5693619 1.5797144 1.6293435 
C9EIC8-O_Gordonia-G_narAa-T_Query           4.9310559 4.0273075 4.0273075 3.8393619 3.7615283 3.5359167 3.6130737 3.4779276 3.3500238 3.2423058 3.2644197 3.5719545 2.8328839 3.2414939 3.3472022 2.9749514 2.5440099 2.5504773 2.5807072 2.5976707 2.6386317 2.6386317 2.2325511 2.0537977 2.0552784 2.0677300 2.0575069 2.0575069 2.0701954 1.9731688 1.9332606 1.9332606 1.9205612 1.8773463 1.9216756 1.9670561 1.9869264 0.1216525 0.1413599 0.0183626 0.0160613 0.0113972 0.0136958 0.0000000 0.0049433 0.0045463 1.6430930 1.5602020 1.5705097 1.6115338 
ADM94827.1-O_Rhodococcus-NCBI               4.5235463 3.9100825 3.9100825 3.7407804 3.6600462 3.3646586 3.6709407 3.4979810 3.0814868 3.0055601 3.0445256 3.3924148 2.7309798 3.0328709 3.1368487 2.7755790 2.4833222 2.4231844 2.4654425 2.5007986 2.5263074 2.5263074 2.0686565 1.9389833 1.9405103 1.9528421 1.9427313 1.9427313 1.9553565 1.7458400 1.7852676 1.7852676 1.7837602 1.6746715 1.7173287 1.7806128 1.7633618 0.1216505 0.1461800 0.0149517 0.0099470 0.0049430 0.0074257 0.0049433 0.0000000 0.0000010 1.6602848 1.4058772 1.5386968 1.6117579 
Q6TMM0-O_Rhodococcus-G_narAa-T_Query        4.8862769 4.0040152 4.0040152 3.8071668 3.7303000 3.5170543 3.6130737 3.4688083 3.3523310 3.2418330 3.2650707 3.5725861 2.8328839 3.2179262 3.3227186 2.9868339 2.5596239 2.5599827 2.5901234 2.6072673 2.6483442 2.6483442 2.2238949 2.0459396 2.0474166 2.0598041 2.0496347 2.0496347 2.0622611 1.9759949 1.9483574 1.9483574 1.9354576 1.8702569 1.9143925 1.9548911 1.9745104 0.1164373 0.1386016 0.0137428 0.0114481 0.0068240 0.0091114 0.0045463 0.0000010 0.0000000 1.6602848 1.5603815 1.5706897 1.6117579 
X7ZPU1-O_Mycobacterium-G_narAa-T_Query      4.2757619 4.1202631 4.1202631 3.8472120 3.7913988 4.0861187 4.9305528 4.1758115 3.6940925 3.8052761 3.7925667 3.8569581 3.9394497 3.9046939 3.9126588 3.2010293 3.1075856 3.2194608 3.2423567 3.3127588 3.3139472 3.3139472 2.6903792 2.6158823 2.6179670 2.6322028 2.6215442 2.6215442 2.6137993 2.4318540 2.4706333 2.4706333 2.5146549 2.4866020 2.5199834 2.5332184 2.5631906 1.7155426 1.7115086 1.6678516 1.6803625 1.6653993 1.6776323 1.6430930 1.6602848 1.6602848 0.0000000 0.2846272 0.3385327 0.3385327 
X8AJF5-O_Mycobacterium-G_narAa-T_Query      4.2995882 3.7282692 3.7282692 3.5510458 3.3754618 3.5646267 3.8630634 3.5849650 3.1345103 3.1739159 3.5313073 3.6728512 3.5180850 3.7766006 3.8318790 3.0550360 2.8404106 2.8461952 2.9267118 3.0562782 3.0514778 3.0514778 2.2101484 2.2560604 2.2576569 2.2677002 2.2601936 2.2601936 2.2430757 2.2243472 2.3961702 2.3961702 2.4644286 2.3840867 2.3682283 2.4213135 2.4281854 1.6086579 1.5938560 1.5779990 1.5558805 1.5593986 1.5693619 1.5602020 1.4058772 1.5603815 0.2846272 0.0000000 0.1066205 0.0910382 
X7VEF0-O_Mycobacterium-G_narAa-T_Query      4.2498983 3.5856051 3.5856051 3.5020043 3.3271983 3.4707593 4.1118321 3.6331448 3.2694952 3.1253852 3.5572781 3.6074988 3.6741811 3.7874208 3.7948957 3.1641098 2.8233534 2.9234647 2.9409402 2.9455123 2.9551053 2.9551053 2.2898744 2.3177374 2.3193583 2.3324354 2.3246995 2.3246995 2.3071586 2.3404371 2.4407710 2.4407710 2.5257789 2.3977700 2.3816783 2.4398714 2.4400128 1.6492700 1.6343974 1.5883114 1.5661466 1.5697268 1.5797144 1.5705097 1.5386968 1.5706897 0.3385327 0.1066205 0.0000000 0.0000010 
X8B6M6-O_Mycobacterium-G_narAa-T_Query      4.1179799 4.3449343 4.3449343 4.1081444 3.8542796 4.1625699 4.8612748 4.2204958 3.5743181 3.4088031 3.9747262 3.9627580 4.0478294 4.0582799 4.0674245 3.3249531 3.0097914 3.1289571 3.1380168 3.1992174 3.1798328 3.1798328 2.5190834 2.5244326 2.5265127 2.5440336 2.5336116 2.5336116 2.5105125 2.4847786 2.5905174 2.5905174 2.6849543 2.5105380 2.4899994 2.5823928 2.6676584 1.6896624 1.6713911 1.6334761 1.6123189 1.6168756 1.6293435 1.6115338 1.6117579 1.6117579 0.3385327 0.0910382 0.0000010 0.0000000 
