39
P0ABR7-O_Escherichia-G_yeaW-T_BLAST         0.0000000 0.0300631 0.4114408 0.4206069 3.2475087 3.3902643 3.6181011 3.6877685 3.6601605 3.8124318 3.5564681 3.5564681 3.6552912 3.6060808 3.4056886 3.3846496 3.4464464 3.4464464 3.4859180 3.8686987 3.7045590 3.7005220 3.6718027 3.7071377 3.7071377 3.7031421 3.7012909 3.7758987 3.7758987 3.8080149 3.4340610 3.4590299 3.4438265 3.3921965 3.3050981 3.7228135 3.6456367 3.5822335 3.9449848 
P0ABR8-O_Escherichia-G_yeaW-T_BLAST         0.0300631 0.0000000 0.4526309 0.4622354 3.2272407 3.2827605 3.6811424 3.5416345 3.5155261 3.7567540 3.6766260 3.6766260 3.7638307 3.5685253 3.3713811 3.2977370 3.3479535 3.3479535 3.3858456 3.7772863 3.6112905 3.6073136 3.5796010 3.6138502 3.6138502 3.6099159 3.6791950 3.7574441 3.7574441 3.7847799 3.4363561 3.4398631 3.3968894 3.3311203 3.1746710 3.6786869 3.5316896 3.5811121 3.8625576 
F0KFI5-O_Acinetobacter-G_yeaW-T_BLAST       0.4114408 0.4526309 0.0000000 0.0194366 3.3186013 3.8004231 3.8915198 3.4904570 3.4644743 3.8985633 3.7040075 3.7040075 3.8717390 3.4979085 3.4220954 3.2655444 3.4086888 3.4086888 3.4283258 3.9891770 3.8728700 3.8687680 3.8801632 3.8754402 3.8754402 3.8713900 3.8361902 3.8911249 3.8911249 3.9310181 3.7615003 3.7955039 3.8973872 3.7542084 3.5338492 3.9198705 3.9187021 3.8745089 4.0742728 
D0C9N6-O_Acinetobacter-G_cntA-T_BLAST       0.4206069 0.4622354 0.0194366 0.0000000 3.3675196 3.7990987 3.9017744 3.5747446 3.5483554 3.9361571 3.7175563 3.7175563 3.8832643 3.5468063 3.4702607 3.3109301 3.4570034 3.4570034 3.4770177 3.9954721 3.8827849 3.8786880 3.8900957 3.8853485 3.8853485 3.8813044 3.8779480 3.9338525 3.9338525 3.9733527 3.7886144 3.8226605 3.9255499 3.7685576 3.4424667 3.9586091 3.8342986 3.8881273 4.1208203 
Q9X404-O_Methylosulfonomonas-G_msmA-T_BLAST 3.2475087 3.2272407 3.3186013 3.3675196 0.0000000 1.7532059 3.4802714 3.6638229 3.6700905 3.2650016 3.4123740 3.4123740 3.7731936 3.9218838 3.8054763 3.6940081 3.9122967 3.9122967 3.9018312 3.7789658 3.4382801 3.4361195 3.4656554 3.4427041 3.4427041 3.4697712 3.2172077 3.3157941 3.3157941 3.2941776 3.3380945 3.3830408 3.2967964 3.2677172 4.6038262 3.9000220 3.8286600 4.1844370 4.1304860 
Q9RBG5-O_Alcaligenes-G_absAa-T_BLAST        3.3902643 3.2827605 3.8004231 3.7990987 1.7532059 0.0000000 3.3417749 2.8132801 2.8160787 2.7907939 3.1010463 3.1010463 3.1469931 3.6320379 3.3937679 3.4169654 3.4676566 3.4676566 3.4861656 3.5017249 3.4497525 3.4483757 3.4257159 3.4566181 3.4566181 3.4321904 3.2160131 3.3374887 3.3374887 3.2992954 3.2608382 3.3607744 3.0035196 2.9761598 3.9611974 3.7909784 3.8663437 3.7303847 3.8648489 
O52379-O_Ralstonia-G_nagG-T_BLAST           3.6181011 3.6811424 3.8915198 3.9017744 3.4802714 3.3417749 0.0000000 1.6312810 1.6435412 1.6544587 1.7650062 1.7650062 1.8492150 3.0278319 3.1319023 3.1320950 3.2162043 3.2162043 3.1528341 3.0033968 2.9168366 2.9315418 2.9543971 2.9366460 2.9366460 2.9574435 2.9940222 3.0796337 3.0796337 3.1293301 3.0057890 3.0472214 2.9614519 2.8516059 3.4287001 4.0390304 3.5844042 3.7493647 3.7454269 
Q3C1D5-O_Comamonas-G_tphA2II-T_BLAST        3.6877685 3.5416345 3.4904570 3.5747446 3.6638229 2.8132801 1.6312810 0.0000000 0.0049446 1.1897275 1.4068425 1.4068425 1.4191877 3.0220185 3.2197059 3.1384555 3.1931593 3.1931593 3.1588850 2.7796442 2.6928111 2.7224911 2.7280716 2.7117991 2.7117991 2.6925393 2.7346563 3.0706754 3.0706754 3.0525748 3.0625858 3.0812063 2.8895825 2.8968436 3.8047497 4.1694931 3.8926604 3.4661097 3.4629462 
Q3C1E3-O_Comamonas-G_tphA2I-T_BLAST         3.6601605 3.5155261 3.4644743 3.5483554 3.6700905 2.8160787 1.6435412 0.0049446 0.0000000 1.1828899 1.4034397 1.4034397 1.4179542 3.0061092 3.2031161 3.1220928 3.1766494 3.1766494 3.1422743 2.7769754 2.6902453 2.7199057 2.7254748 2.7092212 2.7092212 2.6899719 2.7274232 3.0624670 3.0624670 3.0443924 3.0545121 3.0731045 2.8739737 2.8953649 3.8010581 4.2023674 3.9231293 3.5136995 3.4673512 
Q84BZ3-O_Burkholderia-G_andAc-T_BLAST       3.8124318 3.7567540 3.8985633 3.9361571 3.2650016 2.7907939 1.6544587 1.1897275 1.1828899 0.0000000 1.1642670 1.1642670 1.1358908 3.1419775 3.1760943 3.1602937 3.2382391 3.2382391 3.2454493 2.8273075 2.7460848 2.7453052 2.7679548 2.7517213 2.7517213 2.7707411 2.8853167 2.9353383 2.9353383 2.9798177 2.9858183 2.9984008 2.9745722 2.8711579 3.2699793 3.8854762 3.3707487 3.4861361 3.2696283 
AGZ63462.1-O_Sphingobium-NCBI               3.5564681 3.6766260 3.7040075 3.7175563 3.4123740 3.1010463 1.7650062 1.4068425 1.4034397 1.1642670 0.0000000 0.0000010 0.2690545 2.9762845 3.0747773 3.0557893 3.0424527 3.0424527 3.0355810 2.8830744 2.8492695 2.8668299 2.8939483 2.8773111 2.8773111 2.8968000 2.9284201 2.8447471 2.8447471 2.9239628 2.7573797 2.7657206 2.8077825 2.7776155 3.3432900 3.6685540 3.3686773 3.1290323 3.2606984 
U5XNA6-O_Sphingobium-G_ahdA1d-T_Query       3.5564681 3.6766260 3.7040075 3.7175563 3.4123740 3.1010463 1.7650062 1.4068425 1.4034397 1.1642670 0.0000010 0.0000000 0.2690545 2.9762845 3.0747773 3.0557893 3.0424527 3.0424527 3.0355810 2.8830744 2.8492695 2.8668299 2.8939483 2.8773111 2.8773111 2.8968000 2.9284201 2.8447471 2.8447471 2.9239628 2.7573797 2.7657206 2.8077825 2.7776155 3.3432900 3.6685540 3.3686773 3.1290323 3.2606984 
Q83VK6-O_Sphingomonas-G_ahdA1d-T_Query      3.6552912 3.7638307 3.8717390 3.8832643 3.7731936 3.1469931 1.8492150 1.4191877 1.4179542 1.1358908 0.2690545 0.2690545 0.0000000 3.0366535 3.1544189 3.1514810 3.1158845 3.1158845 3.1326893 2.9815378 2.9782150 2.9963722 3.0151549 2.9975888 2.9975888 3.0181761 2.8938362 3.0312537 3.0312537 3.0351850 2.7733189 2.7835085 2.8836813 2.7487403 3.6360637 3.5595345 3.3862796 2.9979817 2.9660384 
Q45695-O_Burkholderia-G_dntAc-T_BLAST       3.6060808 3.5685253 3.4979085 3.5468063 3.9218838 3.6320379 3.0278319 3.0220185 3.0061092 3.1419775 2.9762845 2.9762845 3.0366535 0.0000000 0.1622147 0.2977005 0.2701782 0.2701782 0.2623720 1.7821589 1.8001852 1.8094724 1.8129139 1.8119422 1.8119422 1.8101750 1.9950502 1.9527605 1.9527605 1.9782723 2.0908960 2.1126834 2.0060592 2.0555970 3.5228192 3.7725297 3.4471185 3.3436004 3.2206515 
O52382-O_Ralstonia-G_nagAc-T_BLAST          3.4056886 3.3713811 3.4220954 3.4702607 3.8054763 3.3937679 3.1319023 3.2197059 3.2031161 3.1760943 3.0747773 3.0747773 3.1544189 0.1622147 0.0000000 0.1427847 0.1247667 0.1247667 0.1139419 1.8189801 1.8134703 1.8227749 1.8133472 1.8247750 1.8247750 1.8230019 2.0181193 1.9762943 1.9762943 2.0103084 2.1134700 2.1462362 2.0240155 2.0752484 3.4016218 3.6917314 3.4372274 3.2129172 3.0385996 
Q51494-O_Pseudomonas-G_ndoB-T_BLAST         3.3846496 3.2977370 3.2655444 3.3109301 3.6940081 3.4169654 3.1320950 3.1384555 3.1220928 3.1602937 3.0557893 3.0557893 3.1514810 0.2977005 0.1427847 0.0000000 0.1119045 0.1119045 0.1044035 1.8060582 1.7550204 1.7640474 1.7492823 1.7601498 1.7601498 1.7584511 1.9926680 1.9183386 1.9183386 1.9376083 2.0289141 2.0621756 1.9410428 2.0166843 3.3911884 3.5726982 3.3822077 3.1925774 3.0260237 
P0A111-O_Pseudomonas-G_doxB-T_BLAST         3.4464464 3.3479535 3.4086888 3.4570034 3.9122967 3.4676566 3.2162043 3.1931593 3.1766494 3.2382391 3.0424527 3.0424527 3.1158845 0.2701782 0.1247667 0.1119045 0.0000000 0.0000010 0.0425651 1.8485166 1.7872515 1.7965496 1.7875659 1.7989113 1.7989113 1.7971456 2.0127606 1.9578413 1.9578413 1.9981829 2.1354053 2.1705016 2.0522736 2.1144000 3.4038938 3.5826391 3.3947436 3.1805232 2.9839047 
P0A110-O_Pseudomonas-G_ndoB-T_BLAST         3.4464464 3.3479535 3.4086888 3.4570034 3.9122967 3.4676566 3.2162043 3.1931593 3.1766494 3.2382391 3.0424527 3.0424527 3.1158845 0.2701782 0.1247667 0.1119045 0.0000010 0.0000000 0.0425651 1.8485166 1.7872515 1.7965496 1.7875659 1.7989113 1.7989113 1.7971456 2.0127606 1.9578413 1.9578413 1.9981829 2.1354053 2.1705016 2.0522736 2.1144000 3.4038938 3.5826391 3.3947436 3.1805232 2.9839047 
O07824-O_Pseudomonas-G_ndoB-T_BLAST         3.4859180 3.3858456 3.4283258 3.4770177 3.9018312 3.4861656 3.1528341 3.1588850 3.1422743 3.2454493 3.0355810 3.0355810 3.1326893 0.2623720 0.1139419 0.1044035 0.0425651 0.0425651 0.0000000 1.8494827 1.8154474 1.8248096 1.8156905 1.8271938 1.8271938 1.8254094 2.0440845 1.9753783 1.9753783 2.0174352 2.1486337 2.1874243 2.0741792 2.1395897 3.4155256 3.6911857 3.4603256 3.2339781 3.1315422 
Q7N4W0-O_Photorhabdus-G_hcaE-T_BLAST        3.8686987 3.7772863 3.9891770 3.9954721 3.7789658 3.5017249 3.0033968 2.7796442 2.7769754 2.8273075 2.8830744 2.8830744 2.9815378 1.7821589 1.8189801 1.8060582 1.8485166 1.8485166 1.8494827 0.0000000 0.2418669 0.2414353 0.2391241 0.2382532 0.2382532 0.2413203 1.2131168 1.2154171 1.2154171 1.2242340 1.2612672 1.2829244 1.2682593 1.3022028 3.2616047 3.2606801 3.2206122 2.9162792 3.1541992 
Q0T1Y1-O_Shigella-G_hcaE-T_BLAST            3.7045590 3.6112905 3.8728700 3.8827849 3.4382801 3.4497525 2.9168366 2.6928111 2.6902453 2.7460848 2.8492695 2.8492695 2.9782150 1.8001852 1.8134703 1.7550204 1.7872515 1.7872515 1.8154474 0.2418669 0.0000000 0.0046401 0.0069831 0.0046462 0.0046462 0.0069759 1.1772016 1.2197336 1.2197336 1.2074495 1.2234807 1.2387109 1.1917083 1.1848848 3.1059690 3.1088206 3.1253176 3.0444474 3.1240328 
Q83K39-O_Shigella-G_hcaE-T_BLAST            3.7005220 3.6073136 3.8687680 3.8786880 3.4361195 3.4483757 2.9315418 2.7224911 2.7199057 2.7453052 2.8668299 2.8668299 2.9963722 1.8094724 1.8227749 1.7640474 1.7965496 1.7965496 1.8248096 0.2414353 0.0046401 0.0000000 0.0069695 0.0046371 0.0046371 0.0069624 1.1675044 1.2095381 1.2095381 1.1973629 1.2132180 1.2283910 1.1818927 1.1837632 3.0840251 3.1110261 3.1279071 3.0492376 3.1289250 
Q31XV2-O_Shigella-G_hcaE-T_BLAST            3.6718027 3.5796010 3.8801632 3.8900957 3.4656554 3.4257159 2.9543971 2.7280716 2.7254748 2.7679548 2.8939483 2.8939483 3.0151549 1.8129139 1.8133472 1.7492823 1.7875659 1.7875659 1.8156905 0.2391241 0.0069831 0.0069695 0.0000000 0.0023186 0.0023186 0.0046417 1.1847883 1.2278517 1.2278517 1.2154405 1.2274145 1.2427149 1.1907400 1.1927917 3.1148086 3.1302089 3.1475371 3.0685149 3.1302449 
Q3YZ15-O_Shigella-G_hcaE-T_BLAST            3.7071377 3.6138502 3.8754402 3.8853485 3.4427041 3.4566181 2.9366460 2.7117991 2.7092212 2.7517213 2.8773111 2.8773111 2.9975888 1.8119422 1.8247750 1.7601498 1.7989113 1.7989113 1.8271938 0.2382532 0.0046462 0.0046371 0.0023186 0.0000000 0.0000010 0.0023163 1.1737754 1.2161500 1.2161500 1.2038989 1.2156656 1.2308567 1.1796438 1.1814677 3.0960868 3.1122354 3.1295229 3.0515175 3.1282092 
P0ABR5-O_Escherichia-G_hcaE-T_BLAST         3.7071377 3.6138502 3.8754402 3.8853485 3.4427041 3.4566181 2.9366460 2.7117991 2.7092212 2.7517213 2.8773111 2.8773111 2.9975888 1.8119422 1.8247750 1.7601498 1.7989113 1.7989113 1.8271938 0.2382532 0.0046462 0.0046371 0.0023186 0.0000010 0.0000000 0.0023163 1.1737754 1.2161500 1.2161500 1.2038989 1.2156656 1.2308567 1.1796438 1.1814677 3.0960868 3.1122354 3.1295229 3.0515175 3.1282092 
A8A344-O_Escherichia-G_hcaE-T_BLAST         3.7031421 3.6099159 3.8713900 3.8813044 3.4697712 3.4321904 2.9574435 2.6925393 2.6899719 2.7707411 2.8968000 2.8968000 3.0181761 1.8101750 1.8230019 1.7584511 1.7971456 1.7971456 1.8254094 0.2413203 0.0069759 0.0069624 0.0046417 0.0023163 0.0023163 0.0000000 1.1807647 1.2235193 1.2235193 1.2111832 1.2230652 1.2383056 1.1866782 1.1886437 3.0902079 3.1066210 3.1101883 3.0329418 3.1090086 
Q53122-O_Rhodococcus-G_bphA1-T_BLAST        3.7012909 3.6791950 3.8361902 3.8779480 3.2172077 3.2160131 2.9940222 2.7346563 2.7274232 2.8853167 2.9284201 2.9284201 2.8938362 1.9950502 2.0181193 1.9926680 2.0127606 2.0127606 2.0440845 1.2131168 1.1772016 1.1675044 1.1847883 1.1737754 1.1737754 1.1807647 0.0000000 0.3091976 0.3091976 0.3396826 0.4922945 0.4930771 0.5111800 0.5302427 3.2478143 3.2269451 3.2228502 2.9637655 3.4142327 
P0C618-O_Pseudomonas-G_bnzA-T_BLAST         3.7758987 3.7574441 3.8911249 3.9338525 3.3157941 3.3374887 3.0796337 3.0706754 3.0624670 2.9353383 2.8447471 2.8447471 3.0312537 1.9527605 1.9762943 1.9183386 1.9578413 1.9578413 1.9753783 1.2154171 1.2197336 1.2095381 1.2278517 1.2161500 1.2161500 1.2235193 0.3091976 0.0000000 0.0000010 0.0868848 0.5373228 0.5536549 0.5101874 0.5603095 3.3206011 3.1556989 3.2038395 3.0493436 3.2348190 
A5W4F2-O_Pseudomonas-G_bnzA-T_BLAST         3.7758987 3.7574441 3.8911249 3.9338525 3.3157941 3.3374887 3.0796337 3.0706754 3.0624670 2.9353383 2.8447471 2.8447471 3.0312537 1.9527605 1.9762943 1.9183386 1.9578413 1.9578413 1.9753783 1.2154171 1.2197336 1.2095381 1.2278517 1.2161500 1.2161500 1.2235193 0.3091976 0.0000010 0.0000000 0.0868848 0.5373228 0.5536549 0.5101874 0.5603095 3.3206011 3.1556989 3.2038395 3.0493436 3.2348190 
Q07944-O_Pseudomonas-G_bedC1-T_BLAST        3.8080149 3.7847799 3.9310181 3.9733527 3.2941776 3.2992954 3.1293301 3.0525748 3.0443924 2.9798177 2.9239628 2.9239628 3.0351850 1.9782723 2.0103084 1.9376083 1.9981829 1.9981829 2.0174352 1.2242340 1.2074495 1.1973629 1.2154405 1.2038989 1.2038989 1.2111832 0.3396826 0.0868848 0.0868848 0.0000000 0.5444942 0.5588400 0.5199315 0.5486356 3.4244875 3.1278899 3.2679562 3.0650090 3.2523179 
Q52028-O_Pseudomonas-G_bphA-T_BLAST         3.4340610 3.4363561 3.7615003 3.7886144 3.3380945 3.2608382 3.0057890 3.0625858 3.0545121 2.9858183 2.7573797 2.7573797 2.7733189 2.0908960 2.1134700 2.0289141 2.1354053 2.1354053 2.1486337 1.2612672 1.2234807 1.2132180 1.2274145 1.2156656 1.2156656 1.2230652 0.4922945 0.5373228 0.5373228 0.5444942 0.0000000 0.0451263 0.3012342 0.3090229 3.4767704 3.2177275 3.3102395 3.0908502 3.3571885 
P37333-O_Paraburkholderia-G_bphA-T_BLAST    3.4590299 3.4398631 3.7955039 3.8226605 3.3830408 3.3607744 3.0472214 3.0812063 3.0731045 2.9984008 2.7657206 2.7657206 2.7835085 2.1126834 2.1462362 2.0621756 2.1705016 2.1705016 2.1874243 1.2829244 1.2387109 1.2283910 1.2427149 1.2308567 1.2308567 1.2383056 0.4930771 0.5536549 0.5536549 0.5588400 0.0451263 0.0000000 0.3225174 0.3363763 3.5369316 3.2141221 3.3648294 3.0940848 3.3128667 
Q46372-O_Comamonas-G_bphA-T_BLAST           3.4438265 3.3968894 3.8973872 3.9255499 3.2967964 3.0035196 2.9614519 2.8895825 2.8739737 2.9745722 2.8077825 2.8077825 2.8836813 2.0060592 2.0240155 1.9410428 2.0522736 2.0522736 2.0741792 1.2682593 1.1917083 1.1818927 1.1907400 1.1796438 1.1796438 1.1866782 0.5111800 0.5101874 0.5101874 0.5199315 0.3012342 0.3225174 0.0000000 0.2167639 3.4693783 3.3008617 3.4207437 3.1204619 3.4858210 
Q52438-O_Pseudomonas-G_bphA1-T_BLAST        3.3921965 3.3311203 3.7542084 3.7685576 3.2677172 2.9761598 2.8516059 2.8968436 2.8953649 2.8711579 2.7776155 2.7776155 2.7487403 2.0555970 2.0752484 2.0166843 2.1144000 2.1144000 2.1395897 1.3022028 1.1848848 1.1837632 1.1927917 1.1814677 1.1814677 1.1886437 0.5302427 0.5603095 0.5603095 0.5486356 0.3090229 0.3363763 0.2167639 0.0000000 3.3796337 3.1761544 3.4120028 3.0729011 3.3331354 
Q51974-O_Pseudomonas-G_cmtAb-T_BLAST        3.3050981 3.1746710 3.5338492 3.4424667 4.6038262 3.9611974 3.4287001 3.8047497 3.8010581 3.2699793 3.3432900 3.3432900 3.6360637 3.5228192 3.4016218 3.3911884 3.4038938 3.4038938 3.4155256 3.2616047 3.1059690 3.0840251 3.1148086 3.0960868 3.0960868 3.0902079 3.2478143 3.3206011 3.3206011 3.4244875 3.4767704 3.5369316 3.4693783 3.3796337 0.0000000 3.1414200 2.7787166 2.7873552 2.7609118 
O85673-O_Acinetobacter-G_antA-T_BLAST       3.7228135 3.6786869 3.9198705 3.9586091 3.9000220 3.7909784 4.0390304 4.1694931 4.2023674 3.8854762 3.6685540 3.6685540 3.5595345 3.7725297 3.6917314 3.5726982 3.5826391 3.5826391 3.6911857 3.2606801 3.1088206 3.1110261 3.1302089 3.1122354 3.1122354 3.1066210 3.2269451 3.1556989 3.1556989 3.1278899 3.2177275 3.2141221 3.3008617 3.1761544 3.1414200 0.0000000 1.4519314 1.4424563 1.3256176 
Q51601-O_Burkholderia-G_cbdA-T_BLAST        3.6456367 3.5316896 3.9187021 3.8342986 3.8286600 3.8663437 3.5844042 3.8926604 3.9231293 3.3707487 3.3686773 3.3686773 3.3862796 3.4471185 3.4372274 3.3822077 3.3947436 3.3947436 3.4603256 3.2206122 3.1253176 3.1279071 3.1475371 3.1295229 3.1295229 3.1101883 3.2228502 3.2038395 3.2038395 3.2679562 3.3102395 3.3648294 3.4207437 3.4120028 2.7787166 1.4519314 0.0000000 0.8507068 0.8689918 
P07769-O_Acinetobacter-G_benA-T_BLAST       3.5822335 3.5811121 3.8745089 3.8881273 4.1844370 3.7303847 3.7493647 3.4661097 3.5136995 3.4861361 3.1290323 3.1290323 2.9979817 3.3436004 3.2129172 3.1925774 3.1805232 3.1805232 3.2339781 2.9162792 3.0444474 3.0492376 3.0685149 3.0515175 3.0515175 3.0329418 2.9637655 3.0493436 3.0493436 3.0650090 3.0908502 3.0940848 3.1204619 3.0729011 2.7873552 1.4424563 0.8507068 0.0000000 0.5914904 
P23099-O_Pseudomonas-G_xylX-T_BLAST         3.9449848 3.8625576 4.0742728 4.1208203 4.1304860 3.8648489 3.7454269 3.4629462 3.4673512 3.2696283 3.2606984 3.2606984 2.9660384 3.2206515 3.0385996 3.0260237 2.9839047 2.9839047 3.1315422 3.1541992 3.1240328 3.1289250 3.1302449 3.1282092 3.1282092 3.1090086 3.4142327 3.2348190 3.2348190 3.2523179 3.3571885 3.3128667 3.4858210 3.3331354 2.7609118 1.3256176 0.8689918 0.5914904 0.0000000 
