39
P0ABR7-O_Escherichia-G_yeaW-T_BLAST         0.0000000 0.0142403 0.4257498 0.4120564 3.2633340 3.1004232 3.1498620 3.2953107 3.3567872 3.9102728 3.6619401 3.8621723 3.9676484 3.6922841 3.7209883 3.6455255 3.2577854 3.1916281 3.3034741 3.3034741 3.3236354 3.3899342 3.3899342 3.3372136 3.6798038 3.3670255 3.3637953 3.3370753 3.3662198 3.3662198 3.3626145 3.2045560 3.2870264 3.2870264 3.3039710 3.2703484 3.2962382 3.2723279 3.3063291 
P0ABR8-O_Escherichia-G_yeaW-T_BLAST         0.0142403 0.0000000 0.4531722 0.4387624 3.2231073 3.0305382 3.1614309 3.2899040 3.3792139 3.9376218 3.6996752 3.9072528 3.9964437 3.7033746 3.7322813 3.7173599 3.3589234 3.2907108 3.4065732 3.4065732 3.4280784 3.4494581 3.4494581 3.3962890 3.7038960 3.3881401 3.3849015 3.3579616 3.3873340 3.3873340 3.3837117 3.2457666 3.3374122 3.3374122 3.3572920 3.2960036 3.3520760 3.3173363 3.3511815 
F0KFI5-O_Acinetobacter-G_yeaW-T_BLAST       0.4257498 0.4531722 0.0000000 0.0313773 3.5333307 3.0710522 3.4072591 3.5797777 3.5242163 3.7657990 3.7882660 3.7557618 3.8300065 3.5319848 3.5602614 3.1787722 2.8974030 2.7543975 2.8785456 2.8785456 2.9095225 3.3034121 3.3034121 3.3942259 3.7112326 3.4576999 3.4544440 3.4597506 3.4568941 3.4568941 3.4532275 3.2689466 3.3050194 3.3050194 3.3045620 3.4513695 3.4995556 3.3474564 3.4324148 
D0C9N6-O_Acinetobacter-G_cntA-T_BLAST       0.4120564 0.4387624 0.0313773 0.0000000 3.5882781 3.1731728 3.3608688 3.5773680 3.4603022 3.7937824 3.7662782 3.8037199 3.9552150 3.6661999 3.6953232 3.3283825 3.0316504 2.8720927 3.0027160 3.0027160 3.0353801 3.3860137 3.3860137 3.4941256 3.7873049 3.5221973 3.5189332 3.5244111 3.5213921 3.5213921 3.5176939 3.2443233 3.3624363 3.3624363 3.3615775 3.4442245 3.4923124 3.3878566 3.4604034 
Q9RBG5-O_Alcaligenes-G_absAa-T_BLAST        3.2633340 3.2231073 3.5333307 3.5882781 0.0000000 1.7295209 3.3048246 3.3036831 3.5864784 3.6877688 3.4276914 3.5763470 2.9729958 2.9127662 2.9098783 3.3513011 3.0632920 3.0893076 3.2415646 3.2415646 3.2514109 3.0535231 3.0535231 2.9913915 2.8952185 2.8556039 2.8572286 2.8389437 2.8625584 2.8625584 2.8413664 2.9516032 2.9842044 2.9842044 2.9991893 3.0247972 3.0902889 2.7852728 2.8838661 
Q9X404-O_Methylosulfonomonas-G_msmA-T_BLAST 3.1004232 3.0305382 3.0710522 3.1731728 1.7295209 0.0000000 3.8559774 3.5473068 3.3414237 3.6620031 3.7300882 3.4863674 3.4774431 3.2937234 3.2880905 3.6276172 3.6134933 3.4101918 3.5539864 3.5539864 3.5765290 3.3043684 3.3043684 3.3418376 3.0399371 2.8468025 2.8487191 2.8695969 2.8523872 2.8523872 2.8729793 2.8529063 3.0529964 3.0529964 3.0422776 2.9681445 2.9943978 2.9977710 3.0061296 
Q51974-O_Pseudomonas-G_cmtAb-T_BLAST        3.1498620 3.1614309 3.4072591 3.3608688 3.3048246 3.8559774 0.0000000 2.6399544 2.6442289 2.3843698 2.5516814 3.6436087 3.0387378 3.3241797 3.3275176 3.1229601 2.9433112 3.0401715 3.0045662 3.0045662 3.0265593 2.9332000 2.9332000 2.9059356 2.7295117 2.5935975 2.6131640 2.6195887 2.6050231 2.6050231 2.5995393 2.7909791 2.7717555 2.7717555 2.8741095 2.9984066 3.0483439 2.9712303 2.9590611 
O85673-O_Acinetobacter-G_antA-T_BLAST       3.2953107 3.2899040 3.5797777 3.5773680 3.3036831 3.5473068 2.6399544 0.0000000 1.4749547 1.3453310 1.4333270 3.7697639 3.6846274 3.9120671 3.9158002 3.3277966 3.1046406 3.0198211 3.0246351 3.0246351 3.1163065 3.3899205 3.3899205 3.3283829 2.8963603 2.8937532 2.8916840 2.9105371 2.8949314 2.8949314 2.8895212 2.8438471 2.7186055 2.7186055 2.7182988 2.8132940 2.8642235 2.7239995 2.9472902 
Q51601-O_Burkholderia-G_cbdA-T_BLAST        3.3567872 3.3792139 3.5242163 3.4603022 3.5864784 3.3414237 2.6442289 1.4749547 0.0000000 0.8351556 0.8821819 3.6952242 3.3570014 3.7753621 3.7789483 3.3298759 3.0845269 3.0107385 2.9708138 2.9708138 3.0625186 3.2628522 3.2628522 3.1368969 2.9240192 2.8870376 2.8846071 2.9038217 2.8886335 2.8886335 2.8705312 2.9329533 2.9891877 2.9891877 3.0159161 3.0051433 3.0461960 3.0901524 3.1323635 
P23099-O_Pseudomonas-G_xylX-T_BLAST         3.9102728 3.9376218 3.7657990 3.7937824 3.6877688 3.6620031 2.3843698 1.3453310 0.8351556 0.0000000 0.6196243 3.7842023 3.2343610 3.3240822 3.3472986 2.9556707 2.7421489 2.7527731 2.6913704 2.6913704 2.8377221 3.0984419 3.0984419 3.1361748 2.8529593 2.8654801 2.8606840 2.8661832 2.8647789 2.8647789 2.8464175 3.0261024 2.9675645 2.9675645 2.9977139 2.9643624 2.9404373 2.9550537 3.0835582 
P07769-O_Acinetobacter-G_benA-T_BLAST       3.6619401 3.6996752 3.7882660 3.7662782 3.4276914 3.7300882 2.5516814 1.4333270 0.8821819 0.6196243 0.0000000 3.8317141 3.2782512 3.0810949 3.0622975 3.1199781 2.8097601 2.8577418 2.7883346 2.7883346 2.8224673 3.1123489 3.1123489 3.0304537 2.7766600 2.9007395 2.8959508 2.9185148 2.9030057 2.9030057 2.8845862 2.8939253 2.8606591 2.8606591 2.8786554 2.9137910 2.9094779 2.9106625 2.9123738 
O52379-O_Ralstonia-G_nagG-T_BLAST           3.8621723 3.9072528 3.7557618 3.8037199 3.5763470 3.4863674 3.6436087 3.7697639 3.6952242 3.7842023 3.8317141 0.0000000 1.9004419 1.7764861 1.7742297 3.3432613 3.3834157 3.3022101 3.3149100 3.3149100 3.2753022 3.0520414 3.0520414 2.9369383 2.8822253 2.8262273 2.8118334 2.8472942 2.8311807 2.8311807 2.8504590 2.7906232 2.8155961 2.8155961 2.8625167 2.8642466 2.8565467 2.6881986 2.8421117 
Q84BZ3-O_Burkholderia-G_andAc-T_BLAST       3.9676484 3.9964437 3.8300065 3.9552150 2.9729958 3.4774431 3.0387378 3.6846274 3.3570014 3.2343610 3.2782512 1.9004419 0.0000000 1.3065489 1.3046469 3.1692971 3.0701895 3.0750045 3.1381604 3.1381604 3.0835686 2.8651783 2.8651783 2.7182714 2.5664265 2.4989122 2.4997703 2.5190958 2.5050081 2.5050081 2.5219130 2.6139732 2.6753485 2.6753485 2.6984504 2.7537488 2.7641684 2.6171331 2.6256761 
Q3C1E3-O_Comamonas-G_tphA2I-T_BLAST         3.6922841 3.7033746 3.5319848 3.6661999 2.9127662 3.2937234 3.3241797 3.9120671 3.7753621 3.3240822 3.0810949 1.7764861 1.3065489 0.0000000 0.0024985 3.0890641 3.0202147 3.0772131 3.1458362 3.1458362 3.0445310 3.1518600 3.1518600 3.0974831 2.6223048 2.5407785 2.5121572 2.5447515 2.5304109 2.5304109 2.5117944 2.4442590 2.7356839 2.7356839 2.7119860 2.6483523 2.6735396 2.5728501 2.5497814 
Q3C1D5-O_Comamonas-G_tphA2II-T_BLAST        3.7209883 3.7322813 3.5602614 3.6953232 2.9098783 3.2880905 3.3275176 3.9158002 3.7789483 3.3472986 3.0622975 1.7742297 1.3046469 0.0024985 0.0000000 3.0840853 3.0153320 3.0722179 3.1407652 3.1407652 3.0395641 3.1470324 3.1470324 3.0927193 2.6247834 2.5431519 2.5145096 2.5471347 2.5327767 2.5327767 2.5141485 2.4405739 2.7315404 2.7315404 2.7078422 2.6443426 2.6695002 2.5689783 2.5459852 
Q45695-O_Burkholderia-G_dntAc-T_BLAST       3.6455255 3.7173599 3.1787722 3.3283825 3.3513011 3.6276172 3.1229601 3.3277966 3.3298759 2.9556707 3.1199781 3.3432613 3.1692971 3.0890641 3.0840853 0.0000000 0.1599065 0.2920177 0.2600190 0.2600190 0.2528091 1.9939297 1.9939297 2.0246893 1.7880512 1.7418717 1.7328155 1.7450954 1.7441715 1.7441715 1.7425253 2.1491572 2.0339061 2.0339061 2.0011060 2.1224634 2.1333445 2.0132058 2.0815168 
O52382-O_Ralstonia-G_nagAc-T_BLAST          3.2577854 3.3589234 2.8974030 3.0316504 3.0632920 3.6134933 2.9433112 3.1046406 3.0845269 2.7421489 2.8097601 3.3834157 3.0701895 3.0202147 3.0153320 0.1599065 0.0000000 0.1368859 0.1167074 0.1167074 0.1052690 1.9033992 1.9033992 1.9339308 1.7380490 1.6986758 1.6897918 1.6903711 1.7004774 1.7004774 1.6988757 2.0194988 1.9353484 1.9353484 1.9128956 2.0024410 2.0112971 1.8907517 1.9394766 
Q51494-O_Pseudomonas-G_ndoB-T_BLAST         3.1916281 3.2907108 2.7543975 2.8720927 3.0893076 3.4101918 3.0401715 3.0198211 3.0107385 2.7527731 2.8577418 3.3022101 3.0750045 3.0772131 3.0722179 0.2920177 0.1368859 0.0000000 0.1123223 0.1123223 0.1047802 1.8225768 1.8225768 1.8751494 1.7575532 1.6542279 1.6455174 1.6410392 1.6507748 1.6507748 1.6492251 2.0301362 1.9204562 1.9204562 1.8789434 1.9040924 1.9122872 1.8430551 1.8491213 
P0A111-O_Pseudomonas-G_doxB-T_BLAST         3.3034741 3.4065732 2.8785456 3.0027160 3.2415646 3.5539864 3.0045662 3.0246351 2.9708138 2.6913704 2.7883346 3.3149100 3.1381604 3.1458362 3.1407652 0.2600190 0.1167074 0.1123223 0.0000000 0.0000010 0.0426252 1.8696997 1.8696997 1.9271749 1.8138112 1.6949078 1.6859148 1.6869118 1.6971310 1.6971310 1.6955109 2.0586171 1.9661884 1.9661884 1.9385693 1.9861669 1.9949013 1.9360158 1.9573848 
P0A110-O_Pseudomonas-G_ndoB-T_BLAST         3.3034741 3.4065732 2.8785456 3.0027160 3.2415646 3.5539864 3.0045662 3.0246351 2.9708138 2.6913704 2.7883346 3.3149100 3.1381604 3.1458362 3.1407652 0.2600190 0.1167074 0.1123223 0.0000010 0.0000000 0.0426252 1.8696997 1.8696997 1.9271749 1.8138112 1.6949078 1.6859148 1.6869118 1.6971310 1.6971310 1.6955109 2.0586171 1.9661884 1.9661884 1.9385693 1.9861669 1.9949013 1.9360158 1.9573848 
O07824-O_Pseudomonas-G_ndoB-T_BLAST         3.3236354 3.4280784 2.9095225 3.0353801 3.2514109 3.5765290 3.0265593 3.1163065 3.0625186 2.8377221 2.8224673 3.2753022 3.0835686 3.0445310 3.0395641 0.2528091 0.1052690 0.1047802 0.0426252 0.0426252 0.0000000 1.8652954 1.8652954 1.9034000 1.8060488 1.7121932 1.7031410 1.7040978 1.7144335 1.7144335 1.7127974 2.0929524 1.9974298 1.9974298 1.9688758 1.9879425 1.9966643 1.9323632 1.9586730 
BAC65446.1-O_Sphingomonas-NCBI              3.3899342 3.4494581 3.3034121 3.3860137 3.0535231 3.3043684 2.9332000 3.3899205 3.2628522 3.0984419 3.1123489 3.0520414 2.8651783 3.1518600 3.1470324 1.9939297 1.9033992 1.8225768 1.8696997 1.8696997 1.8652954 0.0000000 0.0000010 0.1267526 1.7020956 1.6918499 1.6729007 1.7064861 1.6901890 1.6901890 1.6999733 1.5798783 1.5057522 1.5057522 1.5218458 1.6153177 1.6752135 1.5764157 1.6779778 
Q83VJ3-O_Sphingomonas-G_ahdA1b-T_Query      3.3899342 3.4494581 3.3034121 3.3860137 3.0535231 3.3043684 2.9332000 3.3899205 3.2628522 3.0984419 3.1123489 3.0520414 2.8651783 3.1518600 3.1470324 1.9939297 1.9033992 1.8225768 1.8696997 1.8696997 1.8652954 0.0000010 0.0000000 0.1267526 1.7020956 1.6918499 1.6729007 1.7064861 1.6901890 1.6901890 1.6999733 1.5798783 1.5057522 1.5057522 1.5218458 1.6153177 1.6752135 1.5764157 1.6779778 
U5XNU7-O_Sphingobium-G_ahdA1b-T_Query       3.3372136 3.3962890 3.3942259 3.4941256 2.9913915 3.3418376 2.9059356 3.3283829 3.1368969 3.1361748 3.0304537 2.9369383 2.7182714 3.0974831 3.0927193 2.0246893 1.9339308 1.8751494 1.9271749 1.9271749 1.9034000 0.1267526 0.1267526 0.0000000 1.6677192 1.6925119 1.6737004 1.7017003 1.6855775 1.6855775 1.6952614 1.5680602 1.4968561 1.4968561 1.5083962 1.5965388 1.6556990 1.5358495 1.6414227 
Q7N4W0-O_Photorhabdus-G_hcaE-T_BLAST        3.6798038 3.7038960 3.7112326 3.7873049 2.8952185 3.0399371 2.7295117 2.8963603 2.9240192 2.8529593 2.7766600 2.8822253 2.5664265 2.6223048 2.6247834 1.7880512 1.7380490 1.7575532 1.8138112 1.8138112 1.8060488 1.7020956 1.7020956 1.6677192 0.0000000 0.2475445 0.2479696 0.2452365 0.2443340 0.2443340 0.2474209 1.1492923 1.1509373 1.1509373 1.1528336 1.2252825 1.2340512 1.2423820 1.2159928 
Q83K39-O_Shigella-G_hcaE-T_BLAST            3.3670255 3.3881401 3.4576999 3.5221973 2.8556039 2.8468025 2.5935975 2.8937532 2.8870376 2.8654801 2.9007395 2.8262273 2.4989122 2.5407785 2.5431519 1.7418717 1.6986758 1.6542279 1.6949078 1.6949078 1.7121932 1.6918499 1.6918499 1.6925119 0.2475445 0.0000000 0.0046407 0.0069712 0.0046376 0.0046376 0.0069639 1.1188779 1.1201032 1.1201032 1.1076152 1.1582308 1.1754945 1.1381737 1.1233480 
Q0T1Y1-O_Shigella-G_hcaE-T_BLAST            3.3637953 3.3849015 3.4544440 3.5189332 2.8572286 2.8487191 2.6131640 2.8916840 2.8846071 2.8606840 2.8959508 2.8118334 2.4997703 2.5121572 2.5145096 1.7328155 1.6897918 1.6455174 1.6859148 1.6859148 1.7031410 1.6729007 1.6729007 1.6737004 0.2479696 0.0046407 0.0000000 0.0069855 0.0046472 0.0046472 0.0069782 1.1282546 1.1297411 1.1297411 1.1171360 1.1681789 1.1855057 1.1392716 1.1327873 
Q31XV2-O_Shigella-G_hcaE-T_BLAST            3.3370753 3.3579616 3.4597506 3.5244111 2.8389437 2.8695969 2.6195887 2.9105371 2.9038217 2.8661832 2.9185148 2.8472942 2.5190958 2.5447515 2.5471347 1.7450954 1.6903711 1.6410392 1.6869118 1.6869118 1.7040978 1.7064861 1.7064861 1.7017003 0.2452365 0.0069712 0.0069855 0.0000000 0.0023189 0.0023189 0.0046429 1.1348809 1.1365575 1.1365575 1.1238313 1.1714680 1.1888661 1.1466562 1.1315738 
Q3YZ15-O_Shigella-G_hcaE-T_BLAST            3.3662198 3.3873340 3.4568941 3.5213921 2.8625584 2.8523872 2.6050231 2.8949314 2.8886335 2.8647789 2.9030057 2.8311807 2.5050081 2.5304109 2.5327767 1.7441715 1.7004774 1.6507748 1.6971310 1.6971310 1.7144335 1.6901890 1.6901890 1.6855775 0.2443340 0.0046376 0.0046472 0.0023189 0.0000000 0.0000010 0.0023165 1.1246445 1.1260311 1.1260311 1.1134630 1.1605429 1.1778273 1.1360959 1.1213398 
P0ABR5-O_Escherichia-G_hcaE-T_BLAST         3.3662198 3.3873340 3.4568941 3.5213921 2.8625584 2.8523872 2.6050231 2.8949314 2.8886335 2.8647789 2.9030057 2.8311807 2.5050081 2.5304109 2.5327767 1.7441715 1.7004774 1.6507748 1.6971310 1.6971310 1.7144335 1.6901890 1.6901890 1.6855775 0.2443340 0.0046376 0.0046472 0.0023189 0.0000010 0.0000000 0.0023165 1.1246445 1.1260311 1.1260311 1.1134630 1.1605429 1.1778273 1.1360959 1.1213398 
A8A344-O_Escherichia-G_hcaE-T_BLAST         3.3626145 3.3837117 3.4532275 3.5176939 2.8413664 2.8729793 2.5995393 2.8895212 2.8705312 2.8464175 2.8845862 2.8504590 2.5219130 2.5117944 2.5141485 1.7425253 1.6988757 1.6492251 1.6955109 1.6955109 1.7127974 1.6999733 1.6999733 1.6952614 0.2474209 0.0069639 0.0069782 0.0046429 0.0023165 0.0023165 0.0000000 1.1312853 1.1328582 1.1328582 1.1202040 1.1675826 1.1849180 1.1429321 1.1279839 
Q53122-O_Rhodococcus-G_bphA1-T_BLAST        3.2045560 3.2457666 3.2689466 3.2443233 2.9516032 2.8529063 2.7909791 2.8438471 2.9329533 3.0261024 2.8939253 2.7906232 2.6139732 2.4442590 2.4405739 2.1491572 2.0194988 2.0301362 2.0586171 2.0586171 2.0929524 1.5798783 1.5798783 1.5680602 1.1492923 1.1188779 1.1282546 1.1348809 1.1246445 1.1246445 1.1312853 0.0000000 0.3114723 0.3114723 0.3424246 0.4998909 0.5004814 0.5382520 0.5187150 
P0C618-O_Pseudomonas-G_bnzA-T_BLAST         3.2870264 3.3374122 3.3050194 3.3624363 2.9842044 3.0529964 2.7717555 2.7186055 2.9891877 2.9675645 2.8606591 2.8155961 2.6753485 2.7356839 2.7315404 2.0339061 1.9353484 1.9204562 1.9661884 1.9661884 1.9974298 1.5057522 1.5057522 1.4968561 1.1509373 1.1201032 1.1297411 1.1365575 1.1260311 1.1260311 1.1328582 0.3114723 0.0000000 0.0000010 0.0871042 0.5379458 0.5541369 0.5610379 0.5105818 
A5W4F2-O_Pseudomonas-G_bnzA-T_BLAST         3.2870264 3.3374122 3.3050194 3.3624363 2.9842044 3.0529964 2.7717555 2.7186055 2.9891877 2.9675645 2.8606591 2.8155961 2.6753485 2.7356839 2.7315404 2.0339061 1.9353484 1.9204562 1.9661884 1.9661884 1.9974298 1.5057522 1.5057522 1.4968561 1.1509373 1.1201032 1.1297411 1.1365575 1.1260311 1.1260311 1.1328582 0.3114723 0.0000010 0.0000000 0.0871042 0.5379458 0.5541369 0.5610379 0.5105818 
Q07944-O_Pseudomonas-G_bedC1-T_BLAST        3.3039710 3.3572920 3.3045620 3.3615775 2.9991893 3.0422776 2.8741095 2.7182988 3.0159161 2.9977139 2.8786554 2.8625167 2.6984504 2.7119860 2.7078422 2.0011060 1.9128956 1.8789434 1.9385693 1.9385693 1.9688758 1.5218458 1.5218458 1.5083962 1.1528336 1.1076152 1.1171360 1.1238313 1.1134630 1.1134630 1.1202040 0.3424246 0.0871042 0.0871042 0.0000000 0.5449745 0.5590417 0.5488561 0.5200123 
Q52028-O_Pseudomonas-G_bphA-T_BLAST         3.2703484 3.2960036 3.4513695 3.4442245 3.0247972 2.9681445 2.9984066 2.8132940 3.0051433 2.9643624 2.9137910 2.8642466 2.7537488 2.6483523 2.6443426 2.1224634 2.0024410 1.9040924 1.9861669 1.9861669 1.9879425 1.6153177 1.6153177 1.5965388 1.2252825 1.1582308 1.1681789 1.1714680 1.1605429 1.1605429 1.1675826 0.4998909 0.5379458 0.5379458 0.5449745 0.0000000 0.0451965 0.3117426 0.3036229 
P37333-O_Paraburkholderia-G_bphA-T_BLAST    3.2962382 3.3520760 3.4995556 3.4923124 3.0902889 2.9943978 3.0483439 2.8642235 3.0461960 2.9404373 2.9094779 2.8565467 2.7641684 2.6735396 2.6695002 2.1333445 2.0112971 1.9122872 1.9949013 1.9949013 1.9966643 1.6752135 1.6752135 1.6556990 1.2340512 1.1754945 1.1855057 1.1888661 1.1778273 1.1778273 1.1849180 0.5004814 0.5541369 0.5541369 0.5590417 0.0451965 0.0000000 0.3392496 0.3250331 
Q52438-O_Pseudomonas-G_bphA1-T_BLAST        3.2723279 3.3173363 3.3474564 3.3878566 2.7852728 2.9977710 2.9712303 2.7239995 3.0901524 2.9550537 2.9106625 2.6881986 2.6171331 2.5728501 2.5689783 2.0132058 1.8907517 1.8430551 1.9360158 1.9360158 1.9323632 1.5764157 1.5764157 1.5358495 1.2423820 1.1381737 1.1392716 1.1466562 1.1360959 1.1360959 1.1429321 0.5382520 0.5610379 0.5610379 0.5488561 0.3117426 0.3392496 0.0000000 0.2181881 
Q46372-O_Comamonas-G_bphA-T_BLAST           3.3063291 3.3511815 3.4324148 3.4604034 2.8838661 3.0061296 2.9590611 2.9472902 3.1323635 3.0835582 2.9123738 2.8421117 2.6256761 2.5497814 2.5459852 2.0815168 1.9394766 1.8491213 1.9573848 1.9573848 1.9586730 1.6779778 1.6779778 1.6414227 1.2159928 1.1233480 1.1327873 1.1315738 1.1213398 1.1213398 1.1279839 0.5187150 0.5105818 0.5105818 0.5200123 0.3036229 0.3250331 0.2181881 0.0000000 
