39
Q44256-O_Comamonas-G_cbaA-T_BLAST           0.0000000 5.9375102 6.0972445 4.9947209 5.1698407 6.1772908 5.9231500 5.2703155 6.0314572 5.8941366 6.9624809 5.5875391 5.7750922 6.2470006 6.1547008 6.1224644 4.7225834 4.7846776 5.0272244 5.1367303 4.8617708 5.0798048 5.0798048 5.0725076 4.4348215 4.4294162 4.4281545 4.4506163 4.4718488 4.4321612 4.4321612 4.8312804 4.4974768 4.4974768 4.5748089 5.0152791 5.1387164 4.7864279 4.8865821 
P0ABR7-O_Escherichia-G_yeaW-T_BLAST         5.9375102 0.0000000 0.0145502 0.4620054 0.4905036 3.2439923 3.5308791 3.7409386 3.9438240 4.0250466 3.5916407 3.3551623 4.0391768 3.6646648 3.8147115 3.7833844 3.6399010 3.6399010 3.9584884 3.8028685 3.5920514 3.7609953 3.7609953 3.7192581 3.5638065 3.4384853 3.4427290 3.4144611 3.4414237 3.4449025 3.4449025 3.3152815 3.1231629 3.1231629 3.1233795 3.1238981 3.1741809 3.1737311 3.0501698 
P0ABR8-O_Escherichia-G_yeaW-T_BLAST         6.0972445 0.0145502 0.0000000 0.4971992 0.5278871 3.2268958 3.5156787 3.7163517 3.9712293 4.0527426 3.6468713 3.3912431 4.0375442 3.6740616 3.8171536 3.7858958 3.6503431 3.6503431 3.9789425 3.7784694 3.5684421 3.7369576 3.7369576 3.6950227 3.5614347 3.4362588 3.4405004 3.4122598 3.4391962 3.4426724 3.4426724 3.3484419 3.1653712 3.1653712 3.1465327 3.1268323 3.1565701 3.1732989 3.0382262 
F0KFI5-O_Acinetobacter-G_yeaW-T_BLAST       4.9947209 0.4620054 0.4971992 0.0000000 0.0320134 3.2214728 3.4848356 3.4476024 3.7560518 3.5827326 3.6563842 3.3036206 4.1378952 3.6622425 3.5871868 3.5572751 3.4787435 3.4787435 3.3203840 3.2744215 2.9972834 3.0864981 3.0864981 3.0812004 3.4969006 3.5860486 3.5903166 3.5960453 3.5889764 3.5925287 3.5925287 3.0637823 2.9675785 2.9675785 2.9427866 3.1825573 3.2046378 3.1746883 3.1405106 
D0C9N6-O_Acinetobacter-G_cntA-T_BLAST       5.1698407 0.4905036 0.5278871 0.0320134 0.0000000 3.2179432 3.5725444 3.3883597 3.7026108 3.5536379 3.7737491 3.5370072 4.1161147 3.8392364 3.5767092 3.5472400 3.4697032 3.4795787 3.2702232 3.2215469 2.9504665 3.0495005 3.0495005 3.0296207 3.4821773 3.6353417 3.6396669 3.6455706 3.6382990 3.6419168 3.6419168 3.2691195 3.1108825 3.1108825 3.0784452 3.3045399 3.3205951 3.2619559 3.2558726 
Q51974-O_Pseudomonas-G_cmtAb-T_BLAST        6.1772908 3.2439923 3.2268958 3.2214728 3.2179432 0.0000000 3.1078620 2.9376487 2.8868108 2.8287546 3.7618102 3.7276841 3.1003341 2.9980598 3.5115155 3.5078631 2.8437830 2.8573425 3.3670272 3.1553883 3.0853257 3.0944423 3.0944423 3.1585910 2.7033179 2.6839319 2.7039272 2.7104019 2.6903566 2.6958132 2.6958132 2.7473215 2.8442505 2.8442505 2.9726095 2.9069292 2.9501765 2.9004952 2.9232705 
O85673-O_Acinetobacter-G_antA-T_BLAST       5.9231500 3.5308791 3.5156787 3.4848356 3.5725444 3.1078620 0.0000000 1.5747337 1.5112891 1.5554659 3.6802870 3.7999691 3.5691108 3.7413894 3.6610964 3.6307845 3.1097024 3.1275955 3.6446356 3.3290593 3.2602399 3.1858482 3.1858482 3.3301044 2.9987979 2.9428339 2.9407129 2.9594971 2.9383174 2.9438778 2.9438778 2.9875045 2.9267428 2.9267428 2.9042306 2.9205482 2.9256779 2.9875474 3.0981588 
Q51601-O_Burkholderia-G_cbdA-T_BLAST        5.2703155 3.7409386 3.7163517 3.4476024 3.3883597 2.9376487 1.5747337 0.0000000 0.9598099 0.9413825 3.8736487 3.9099541 3.6651696 3.1886556 3.5532866 3.5405777 3.0136640 3.0453404 3.4639237 3.2078361 3.1306197 3.0717418 3.0717418 3.1264109 3.0886709 2.9134358 2.9109041 2.9305261 2.8955898 2.9150010 2.9150010 2.9581298 3.0510513 3.0510513 3.0719441 3.1287968 3.0920087 3.2055424 3.2321679 
P07769-O_Acinetobacter-G_benA-T_BLAST       6.0314572 3.9438240 3.9712293 3.7560518 3.7026108 2.8868108 1.5112891 0.9598099 0.0000000 0.7200320 3.6146928 4.3729720 3.8248294 3.1164781 2.9589279 2.9784544 3.2526061 3.2526061 3.3414129 2.9890356 3.0715656 3.0631361 3.0631361 3.0467815 2.9699758 2.8668015 2.8618483 2.8844249 2.8500906 2.8692556 2.8692556 2.9867097 3.2033116 3.2033116 3.1718727 3.2225792 3.2455576 3.1226872 3.1847142 
P23099-O_Pseudomonas-G_xylX-T_BLAST         5.8941366 4.0250466 4.0527426 3.5827326 3.5536379 2.8287546 1.5554659 0.9413825 0.7200320 0.0000000 3.6291052 4.0747809 3.6341289 2.9196628 2.9465169 2.9244825 3.1435570 3.1584955 3.4618882 3.1396604 3.1846539 3.0300580 3.0300580 3.1585510 3.0143547 3.0293898 3.0243436 3.0306064 3.0085474 3.0284970 3.0284970 3.2291232 3.2006759 3.2006759 3.2217559 3.4591093 3.4016284 3.4085284 3.5605527 
Q9RBG5-O_Alcaligenes-G_absAa-T_BLAST        6.9624809 3.5916407 3.6468713 3.6563842 3.7737491 3.7618102 3.6802870 3.8736487 3.6146928 3.6291052 0.0000000 1.8704188 3.6528936 2.7997117 3.0758421 3.0704221 2.9536043 2.9537760 3.2854100 3.0297595 3.1148313 3.2033314 3.2033314 3.1719816 3.0198850 2.9980861 3.0002319 2.9803586 2.9825225 3.0054460 3.0054460 3.0421967 3.0015267 3.0015267 3.0316014 3.0020215 3.0169512 2.8624601 2.9376605 
Q9X404-O_Methylosulfonomonas-G_msmA-T_BLAST 5.5875391 3.3551623 3.3912431 3.3036206 3.5370072 3.7276841 3.7999691 3.9099541 4.3729720 4.0747809 1.8704188 0.0000000 3.5816413 3.1785591 3.2057915 3.2112533 3.0655585 3.0656704 3.5033190 3.6024628 3.4449245 3.5610481 3.5610481 3.5842766 3.0747358 2.8539414 2.8559729 2.8757735 2.8795578 2.8591689 2.8591689 2.7708987 2.8349834 2.8349834 2.8216886 2.8616980 2.8942571 2.7310908 2.7724916 
O52379-O_Ralstonia-G_nagG-T_BLAST           5.7750922 4.0391768 4.0375442 4.1378952 4.1161147 3.1003341 3.5691108 3.6651696 3.8248294 3.6341289 3.6528936 3.5816413 0.0000000 1.8504777 1.8169521 1.8190207 3.1019280 3.0995686 3.3613771 3.3390490 3.2508670 3.3297526 3.3297526 3.3177897 2.8548390 2.8608893 2.8455922 2.8820169 2.8856773 2.8659500 2.8659500 2.6996640 2.7921642 2.7921642 2.8398970 2.7957798 2.7851225 2.6552139 2.8158696 
Q84BZ3-O_Burkholderia-G_andAc-T_BLAST       6.2470006 3.6646648 3.6740616 3.6622425 3.8392364 2.9980598 3.7413894 3.1886556 3.1164781 2.9196628 2.7997117 3.1785591 1.8504777 0.0000000 1.2935623 1.2925712 3.1602281 3.1792520 3.2137699 3.1149355 3.0564347 3.1283123 3.1283123 3.1317092 2.6585119 2.6378298 2.6390909 2.6588790 2.6622418 2.6441559 2.6441559 2.5839624 2.7254694 2.7254694 2.7293655 2.8142054 2.8377280 2.6237017 2.6889285 
Q3C1D5-O_Comamonas-G_tphA2II-T_BLAST        6.1547008 3.8147115 3.8171536 3.5871868 3.5767092 3.5115155 3.6610964 3.5532866 2.9589279 2.9465169 3.0758421 3.2057915 1.8169521 1.2935623 0.0000000 0.0049442 3.0685083 3.0763742 3.1613741 3.1453291 3.1319810 3.1771720 3.1771720 3.1114421 2.8174806 2.7200893 2.6881652 2.7235926 2.6881025 2.7082216 2.7082216 2.5434490 2.9728510 2.9728510 2.9235244 2.7359788 2.7583137 2.7413709 2.7069885 
Q3C1E3-O_Comamonas-G_tphA2I-T_BLAST         6.1224644 3.7833844 3.7858958 3.5572751 3.5472400 3.5078631 3.6307845 3.5405777 2.9784544 2.9244825 3.0704221 3.2112533 1.8190207 1.2925712 0.0049442 0.0000000 3.0732710 3.0811429 3.1662406 3.1502404 3.1368933 3.1821423 3.1821423 3.1163612 2.7948438 2.6985542 2.6668170 2.7019750 2.6667399 2.6867555 2.6867555 2.5472989 2.9774779 2.9774779 2.9280862 2.7401392 2.7624998 2.7455786 2.7110957 
ANW37879.1-O_Sphingobium-NCBI               4.7225834 3.6399010 3.6503431 3.4787435 3.4697032 2.8437830 3.1097024 3.0136640 3.2526061 3.1435570 2.9536043 3.0655585 3.1019280 3.1602281 3.0685083 3.0732710 0.0000000 0.0000010 2.4295487 2.4170089 2.3679105 2.3746286 2.3746286 2.3803446 1.8789735 1.9152265 1.9052954 1.9160124 1.8935843 1.9072613 1.9072613 1.9494918 1.8774565 1.8774565 1.9031028 1.9304427 1.9077790 1.8742125 1.9772327 
A0A1B1VV77-O_Sphingobium-G_dpeA1-T_Query    4.7846776 3.6399010 3.6503431 3.4787435 3.4795787 2.8573425 3.1275955 3.0453404 3.2526061 3.1584955 2.9537760 3.0656704 3.0995686 3.1792520 3.0763742 3.0811429 0.0000010 0.0000000 2.4208227 2.4238763 2.3745789 2.3812786 2.3812786 2.3870714 1.8891954 1.9254904 1.9155200 1.9262987 1.9037694 1.9174964 1.9174964 1.9653598 1.8929438 1.8929438 1.9187015 1.9465277 1.9236402 1.8958391 1.9996803 
Q45695-O_Burkholderia-G_dntAc-T_BLAST       5.0272244 3.9584884 3.9789425 3.3203840 3.2702232 3.3670272 3.6446356 3.4639237 3.3414129 3.4618882 3.2854100 3.5033190 3.3613771 3.2137699 3.1613741 3.1662406 2.4295487 2.4208227 0.0000000 0.1422233 0.3201867 0.2921454 0.2921454 0.2879401 1.8385139 1.8147303 1.8051889 1.8182636 1.8155109 1.8171339 1.8171339 2.1804062 2.0870120 2.0870120 2.1229572 2.2347080 2.2448544 2.1555766 2.1884940 
O52382-O_Ralstonia-G_nagAc-T_BLAST          5.1367303 3.8028685 3.7784694 3.2744215 3.2215469 3.1553883 3.3290593 3.2078361 2.9890356 3.1396604 3.0297595 3.6024628 3.3390490 3.1149355 3.1453291 3.1502404 2.4170089 2.4238763 0.1422233 0.0000000 0.1698741 0.1455063 0.1455063 0.1365371 1.8523126 1.8313304 1.8216888 1.8225136 1.8316607 1.8333012 1.8333012 2.1288980 2.0646770 2.0646770 2.0868974 2.1315607 2.1639698 2.0891569 2.0982915 
Q51494-O_Pseudomonas-G_ndoB-T_BLAST         4.8617708 3.5920514 3.5684421 2.9972834 2.9504665 3.0853257 3.2602399 3.1306197 3.0715656 3.1846539 3.1148313 3.4449245 3.2508670 3.0564347 3.1319810 3.1368933 2.3679105 2.3745789 0.3201867 0.1698741 0.0000000 0.1117922 0.1117922 0.1043014 1.9206621 1.8385255 1.8289419 1.8241032 1.8331618 1.8347859 1.8347859 2.1226388 2.0126842 2.0126842 2.0177392 2.1045461 2.1381360 2.0747923 2.0218266 
P0A111-O_Pseudomonas-G_doxB-T_BLAST         5.0798048 3.7609953 3.7369576 3.0864981 3.0495005 3.0944423 3.1858482 3.0717418 3.0631361 3.0300580 3.2033314 3.5610481 3.3297526 3.1283123 3.1771720 3.1821423 2.3746286 2.3812786 0.2921454 0.1455063 0.1117922 0.0000000 0.0000010 0.0425493 1.9792176 1.8741560 1.8642683 1.8653805 1.8748427 1.8765267 1.8765267 2.1573694 2.0629344 2.0629344 2.0895795 2.2241731 2.2597319 2.1793403 2.1470894 
P0A110-O_Pseudomonas-G_ndoB-T_BLAST         5.0798048 3.7609953 3.7369576 3.0864981 3.0495005 3.0944423 3.1858482 3.0717418 3.0631361 3.0300580 3.2033314 3.5610481 3.3297526 3.1283123 3.1771720 3.1821423 2.3746286 2.3812786 0.2921454 0.1455063 0.1117922 0.0000010 0.0000000 0.0425493 1.9792176 1.8741560 1.8642683 1.8653805 1.8748427 1.8765267 1.8765267 2.1573694 2.0629344 2.0629344 2.0895795 2.2241731 2.2597319 2.1793403 2.1470894 
O07824-O_Pseudomonas-G_ndoB-T_BLAST         5.0725076 3.7192581 3.6950227 3.0812004 3.0296207 3.1585910 3.3301044 3.1264109 3.0467815 3.1585510 3.1719816 3.5842766 3.3177897 3.1317092 3.1114421 3.1163612 2.3803446 2.3870714 0.2879401 0.1365371 0.1043014 0.0425493 0.0425493 0.0000000 1.9767121 1.8980123 1.8880388 1.8891242 1.8987144 1.9004139 1.9004139 2.1923607 2.0835002 2.0835002 2.1123692 2.2421772 2.2800561 2.1927627 2.1620257 
Q7N4W0-O_Photorhabdus-G_hcaE-T_BLAST        4.4348215 3.5638065 3.5614347 3.4969006 3.4821773 2.7033179 2.9987979 3.0886709 2.9699758 3.0143547 3.0198850 3.0747358 2.8548390 2.6585119 2.8174806 2.7948438 1.8789735 1.8891954 1.8385139 1.8523126 1.9206621 1.9792176 1.9792176 1.9767121 0.0000000 0.2455291 0.2459735 0.2432576 0.2454232 0.2423736 0.2423736 1.1327868 1.1271748 1.1271748 1.1292309 1.2212310 1.2299013 1.2379036 1.2120085 
Q83K39-O_Shigella-G_hcaE-T_BLAST            4.4294162 3.4384853 3.4362588 3.5860486 3.6353417 2.6839319 2.9428339 2.9134358 2.8668015 3.0293898 2.9980861 2.8539414 2.8608893 2.6378298 2.7200893 2.6985542 1.9152265 1.9254904 1.8147303 1.8313304 1.8385255 1.8741560 1.8741560 1.8980123 0.2455291 0.0000000 0.0046399 0.0069691 0.0069620 0.0046370 0.0046370 1.1033025 1.0897046 1.0897046 1.0786035 1.1542005 1.1708627 1.1332832 1.1183850 
Q0T1Y1-O_Shigella-G_hcaE-T_BLAST            4.4281545 3.4427290 3.4405004 3.5903166 3.6396669 2.7039272 2.9407129 2.9109041 2.8618483 3.0243436 3.0002319 2.8559729 2.8455922 2.6390909 2.6881652 2.6668170 1.9052954 1.9155200 1.8051889 1.8216888 1.8289419 1.8642683 1.8642683 1.8880388 0.2459735 0.0046399 0.0000000 0.0069825 0.0069753 0.0046459 0.0046459 1.1123334 1.0988351 1.0988351 1.0876487 1.1638431 1.1805714 1.1342935 1.1275518 
Q31XV2-O_Shigella-G_hcaE-T_BLAST            4.4506163 3.4144611 3.4122598 3.5960453 3.6455706 2.7104019 2.9594971 2.9305261 2.8844249 3.0306064 2.9803586 2.8757735 2.8820169 2.6588790 2.7235926 2.7019750 1.9160124 1.9262987 1.8182636 1.8225136 1.8241032 1.8653805 1.8653805 1.8891242 0.2432576 0.0069691 0.0069825 0.0000000 0.0046414 0.0023185 0.0023185 1.1193847 1.1059368 1.1059368 1.0946600 1.1674547 1.1842489 1.1418967 1.1267085 
A8A344-O_Escherichia-G_hcaE-T_BLAST         4.4718488 3.4414237 3.4391962 3.5889764 3.6382990 2.6903566 2.9383174 2.8955898 2.8500906 3.0085474 2.9825225 2.8795578 2.8856773 2.6622418 2.6881025 2.6667399 1.8935843 1.9037694 1.8155109 1.8316607 1.8331618 1.8748427 1.8748427 1.8987144 0.2454232 0.0069620 0.0069753 0.0046414 0.0000000 0.0023162 0.0023162 1.1156760 1.1022150 1.1022150 1.0909971 1.1633983 1.1801293 1.1379852 1.1229485 
Q3YZ15-O_Shigella-G_hcaE-T_BLAST            4.4321612 3.4449025 3.4426724 3.5925287 3.6419168 2.6958132 2.9438778 2.9150010 2.8692556 3.0284970 3.0054460 2.8591689 2.8659500 2.6441559 2.7082216 2.6867555 1.9072613 1.9174964 1.8171339 1.8333012 1.8347859 1.8765267 1.8765267 1.9004139 0.2423736 0.0046370 0.0046459 0.0023185 0.0023162 0.0000000 0.0000010 1.1091131 1.0955807 1.0955807 1.0844258 1.1563989 1.1730791 1.1311471 1.1163215 
P0ABR5-O_Escherichia-G_hcaE-T_BLAST         4.4321612 3.4449025 3.4426724 3.5925287 3.6419168 2.6958132 2.9438778 2.9150010 2.8692556 3.0284970 3.0054460 2.8591689 2.8659500 2.6441559 2.7082216 2.6867555 1.9072613 1.9174964 1.8171339 1.8333012 1.8347859 1.8765267 1.8765267 1.9004139 0.2423736 0.0046370 0.0046459 0.0023185 0.0023162 0.0000010 0.0000000 1.1091131 1.0955807 1.0955807 1.0844258 1.1563989 1.1730791 1.1311471 1.1163215 
Q53122-O_Rhodococcus-G_bphA1-T_BLAST        4.8312804 3.3152815 3.3484419 3.0637823 3.2691195 2.7473215 2.9875045 2.9581298 2.9867097 3.2291232 3.0421967 2.7708987 2.6996640 2.5839624 2.5434490 2.5472989 1.9494918 1.9653598 2.1804062 2.1288980 2.1226388 2.1573694 2.1573694 2.1923607 1.1327868 1.1033025 1.1123334 1.1193847 1.1156760 1.1091131 1.1091131 0.0000000 0.3182156 0.3182156 0.3489653 0.4920056 0.4928644 0.5300770 0.5111017 
P0C618-O_Pseudomonas-G_bnzA-T_BLAST         4.4974768 3.1231629 3.1653712 2.9675785 3.1108825 2.8442505 2.9267428 3.0510513 3.2033116 3.2006759 3.0015267 2.8349834 2.7921642 2.7254694 2.9728510 2.9774779 1.8774565 1.8929438 2.0870120 2.0646770 2.0126842 2.0629344 2.0629344 2.0835002 1.1271748 1.0897046 1.0988351 1.1059368 1.1022150 1.0955807 1.0955807 0.3182156 0.0000000 0.0000010 0.0868202 0.5418542 0.5584422 0.5643723 0.5139458 
A5W4F2-O_Pseudomonas-G_bnzA-T_BLAST         4.4974768 3.1231629 3.1653712 2.9675785 3.1108825 2.8442505 2.9267428 3.0510513 3.2033116 3.2006759 3.0015267 2.8349834 2.7921642 2.7254694 2.9728510 2.9774779 1.8774565 1.8929438 2.0870120 2.0646770 2.0126842 2.0629344 2.0629344 2.0835002 1.1271748 1.0897046 1.0988351 1.1059368 1.1022150 1.0955807 1.0955807 0.3182156 0.0000010 0.0000000 0.0868202 0.5418542 0.5584422 0.5643723 0.5139458 
Q07944-O_Pseudomonas-G_bedC1-T_BLAST        4.5748089 3.1233795 3.1465327 2.9427866 3.0784452 2.9726095 2.9042306 3.0719441 3.1718727 3.2217559 3.0316014 2.8216886 2.8398970 2.7293655 2.9235244 2.9280862 1.9031028 1.9187015 2.1229572 2.0868974 2.0177392 2.0895795 2.0895795 2.1123692 1.1292309 1.0786035 1.0876487 1.0946600 1.0909971 1.0844258 1.0844258 0.3489653 0.0868202 0.0868202 0.0000000 0.5492759 0.5638517 0.5528807 0.5239060 
Q52028-O_Pseudomonas-G_bphA-T_BLAST         5.0152791 3.1238981 3.1268323 3.1825573 3.3045399 2.9069292 2.9205482 3.1287968 3.2225792 3.4591093 3.0020215 2.8616980 2.7957798 2.8142054 2.7359788 2.7401392 1.9304427 1.9465277 2.2347080 2.1315607 2.1045461 2.2241731 2.2241731 2.2421772 1.2212310 1.1542005 1.1638431 1.1674547 1.1633983 1.1563989 1.1563989 0.4920056 0.5418542 0.5418542 0.5492759 0.0000000 0.0451086 0.3084915 0.3008099 
P37333-O_Paraburkholderia-G_bphA-T_BLAST    5.1387164 3.1741809 3.1565701 3.2046378 3.3205951 2.9501765 2.9256779 3.0920087 3.2455576 3.4016284 3.0169512 2.8942571 2.7851225 2.8377280 2.7583137 2.7624998 1.9077790 1.9236402 2.2448544 2.1639698 2.1381360 2.2597319 2.2597319 2.2800561 1.2299013 1.1708627 1.1805714 1.1842489 1.1801293 1.1730791 1.1730791 0.4928644 0.5584422 0.5584422 0.5638517 0.0451086 0.0000000 0.3359393 0.3221498 
Q52438-O_Pseudomonas-G_bphA1-T_BLAST        4.7864279 3.1737311 3.1732989 3.1746883 3.2619559 2.9004952 2.9875474 3.2055424 3.1226872 3.4085284 2.8624601 2.7310908 2.6552139 2.6237017 2.7413709 2.7455786 1.8742125 1.8958391 2.1555766 2.0891569 2.0747923 2.1793403 2.1793403 2.1927627 1.2379036 1.1332832 1.1342935 1.1418967 1.1379852 1.1311471 1.1311471 0.5300770 0.5643723 0.5643723 0.5528807 0.3084915 0.3359393 0.0000000 0.2165050 
Q46372-O_Comamonas-G_bphA-T_BLAST           4.8865821 3.0501698 3.0382262 3.1405106 3.2558726 2.9232705 3.0981588 3.2321679 3.1847142 3.5605527 2.9376605 2.7724916 2.8158696 2.6889285 2.7069885 2.7110957 1.9772327 1.9996803 2.1884940 2.0982915 2.0218266 2.1470894 2.1470894 2.1620257 1.2120085 1.1183850 1.1275518 1.1267085 1.1229485 1.1163215 1.1163215 0.5111017 0.5139458 0.5139458 0.5239060 0.3008099 0.3221498 0.2165050 0.0000000 
