12
Q768T5-O_Gordonia-G_prmA-T_BLAST          0.0000000 0.0880846 0.0928687 0.0922102 2.4651241 2.5331549 3.8022807 3.8460365 3.4775543 3.4775543 3.4969112 3.7396945 
E9RFS9-O_Mycobacterium-G_mimA-T_BLAST     0.0880846 0.0000000 0.0096271 0.0598284 2.5282626 2.5782116 3.8456000 3.8825508 3.5458984 3.5458984 3.5655985 3.7205952 
A0QTU8-O_Mycolicibacterium-G_mimA-T_BLAST 0.0928687 0.0096271 0.0000000 0.0599014 2.5367218 2.5867948 3.8558464 3.8651379 3.5636581 3.5636581 3.5834610 3.7334188 
Q0SJK9-O_Rhodococcus-G_prmA-T_BLAST       0.0922102 0.0598284 0.0599014 0.0000000 2.5182744 2.5627617 3.8724923 3.8815494 3.5786987 3.5786987 3.5800811 3.7020700 
P22869-O_Methylococcus-G_mmoX-T_BLAST     2.4651241 2.5282626 2.5367218 2.5182744 0.0000000 0.2575023 3.9652384 3.9412594 3.6235631 3.6235631 3.6444835 3.9459145 
P27353-O_Methylosinus-G_mmoX-T_BLAST      2.5331549 2.5782116 2.5867948 2.5627617 0.2575023 0.0000000 4.0620739 4.2031568 3.8929844 3.8929844 3.9149039 4.1384469 
P19732-O_Pseudomonas-G_dmpN-T_BLAST       3.8022807 3.8456000 3.8558464 3.8724923 3.9652384 4.0620739 0.0000000 3.0423621 2.9755277 2.9755277 2.9726999 2.9942265 
O87082-O_Xanthobacter-G_xamoA-T_BLAST     3.8460365 3.8825508 3.8651379 3.8815494 3.9412594 4.2031568 3.0423621 0.0000000 1.1926403 1.1926403 1.1939721 1.3590033 
AAT40431.1-O_Pseudomonas-NCBI             3.4775543 3.5458984 3.5636581 3.5786987 3.6235631 3.8929844 2.9755277 1.1926403 0.0000000 0.0000010 0.0020755 0.5504574 
Q6IV66-O_Pseudomonas-G_touA-T_Query       3.4775543 3.5458984 3.5636581 3.5786987 3.6235631 3.8929844 2.9755277 1.1926403 0.0000010 0.0000000 0.0020755 0.5504574 
O87798-O_Pseudomonas-G_touA-T_Query       3.4969112 3.5655985 3.5834610 3.5800811 3.6444835 3.9149039 2.9726999 1.1939721 0.0020755 0.0020755 0.0000000 0.5506657 
Q00456-O_Pseudomonas-G_tmoA-T_BLAST       3.7396945 3.7205952 3.7334188 3.7020700 3.9459145 4.1384469 2.9942265 1.3590033 0.5504574 0.5504574 0.5506657 0.0000000 
