39
G2IN04-O_Sphingobium-G_ligXa-T_BLAST        0.0000000 5.2285667 5.2285667 5.2492189 5.2657709 6.4136715 4.9260378 5.3416361 5.5604239 5.3622631 5.1122759 5.0036300 5.1041282 4.9585612 5.2950544 5.2921732 4.4294510 4.1648427 4.1589454 4.1448222 4.1674167 4.1674167 4.1637411 4.6084698 4.6571948 4.6571948 4.5887902 5.0499476 4.8518989 4.6607263 4.9332864 4.2021265 4.2021265 4.6270828 4.5817968 4.5183297 4.3439956 4.3439956 4.4040666 
P0ABR7-O_Escherichia-G_yeaW-T_BLAST         5.2285667 0.0000000 0.0000010 0.4383089 0.4343315 3.3628003 3.5472062 3.6584824 3.1826252 3.2273165 3.3774684 3.7815897 4.0208122 4.0461241 4.3468789 4.2865855 3.7056144 3.6821500 3.6853048 3.6514689 3.6844056 3.6844056 3.6806771 3.7715010 3.7531267 3.7531267 3.7667631 3.5425608 3.5522338 3.5334045 3.4939500 3.4094054 3.4094054 3.6516378 3.2472063 3.1689899 3.2805217 3.2805217 3.2440046 
P0ABR8-O_Escherichia-G_yeaW-T_BLAST         5.2285667 0.0000010 0.0000000 0.4383089 0.4343315 3.3628003 3.5472062 3.6584824 3.1826252 3.2273165 3.3774684 3.7815897 4.0208122 4.0461241 4.3468789 4.2865855 3.7056144 3.6821500 3.6853048 3.6514689 3.6844056 3.6844056 3.6806771 3.7715010 3.7531267 3.7531267 3.7667631 3.5425608 3.5522338 3.5334045 3.4939500 3.4094054 3.4094054 3.6516378 3.2472063 3.1689899 3.2805217 3.2805217 3.2440046 
D0C9N6-O_Acinetobacter-G_cntA-T_BLAST       5.2492189 0.4383089 0.4383089 0.0000000 0.0194316 3.6209693 3.6971490 3.6410593 3.5208906 3.4927043 3.7834979 3.9363595 4.1099450 4.0605404 4.0242827 3.9715360 3.7448181 3.9763776 3.9796680 3.9835581 3.9787377 3.9787377 3.9748399 4.0304252 4.0323855 4.0323855 3.9789810 3.8871211 3.9919150 4.0466828 3.8056073 3.5559195 3.5559195 3.5751431 3.2616124 3.1143232 3.2553781 3.2553781 3.2286504 
F0KFI5-O_Acinetobacter-G_yeaW-T_BLAST       5.2657709 0.4343315 0.4343315 0.0194316 0.0000000 3.5976371 3.6500216 3.7025944 3.4580579 3.5927768 3.7569727 3.9633823 4.0875331 4.0279746 3.9391552 3.8880573 3.7494071 3.9748582 3.9781409 3.9820173 3.9772128 3.9772128 3.9733240 3.9763656 3.9814919 3.9814919 3.9297239 3.8552666 3.9595333 4.0133628 3.7885628 3.5430006 3.5430006 3.5496717 3.2382587 3.1015317 3.2319553 3.2319553 3.2053895 
Q9RBG5-O_Alcaligenes-G_absAa-T_BLAST        6.4136715 3.3628003 3.3628003 3.6209693 3.5976371 0.0000000 1.7808964 3.4114936 3.2690777 3.4705038 3.1753444 3.4764529 3.8111917 2.9217377 3.2113274 3.2411387 2.9498486 2.8493133 2.8457425 2.8287896 2.8526882 2.8526882 2.8309884 3.1249592 3.3708326 3.3708326 3.3434410 3.3448484 3.3383822 3.1167511 2.9792662 3.4861052 3.4861052 3.4856028 3.1733105 3.1895135 3.2531790 3.2531790 3.1580993 
Q9X404-O_Methylosulfonomonas-G_msmA-T_BLAST 4.9260378 3.5472062 3.5472062 3.6971490 3.6500216 1.7808964 0.0000000 3.7858242 3.2409360 3.3221396 3.3828199 3.6518306 3.7460260 3.1273754 3.4253089 3.5255771 3.0932958 2.9463691 2.9409564 2.9642106 2.9464840 2.9464840 2.9678115 3.0978327 3.3438670 3.3438670 3.3091222 3.2378281 3.2888449 3.5305663 3.3928078 3.2429665 3.2429665 3.7120854 3.6692906 3.3886895 3.5776644 3.5776644 3.6284624 
Q51974-O_Pseudomonas-G_cmtAb-T_BLAST        5.3416361 3.6584824 3.6584824 3.6410593 3.7025944 3.4114936 3.7858242 0.0000000 2.7757283 2.5747168 2.5625522 2.8649727 3.2306433 2.8101618 3.4700061 3.5099031 2.8864497 2.7950115 2.7748492 2.8020441 2.7866020 2.7866020 2.7811825 3.0901125 3.0537436 3.0537436 3.0869489 3.1692662 3.2337028 3.3096061 3.2822578 2.7593757 2.7593757 2.9558346 2.7811528 2.8312817 2.8522407 2.8522407 2.8576065 
O85673-O_Acinetobacter-G_antA-T_BLAST       5.5604239 3.1826252 3.1826252 3.5208906 3.4580579 3.2690777 3.2409360 2.7757283 0.0000000 1.4429936 1.3255953 1.3427065 3.6326428 3.1774399 3.7644929 3.7736798 2.7622677 2.7213771 2.7233027 2.7388392 2.7243723 2.7243723 2.7192103 2.9232622 2.8192816 2.8192816 2.8409321 2.9830026 3.0035632 3.0388369 2.9102233 2.6357840 2.6357840 3.1696921 2.9899784 2.8775729 2.9081138 2.9081138 2.9997877 
Q51601-O_Burkholderia-G_cbdA-T_BLAST        5.3622631 3.2273165 3.2273165 3.4927043 3.5927768 3.4705038 3.3221396 2.5747168 1.4429936 0.0000000 0.8487574 0.9253511 3.3130698 2.9367163 3.6294750 3.7125540 2.8731121 2.7163714 2.7187674 2.7347253 2.7203200 2.7203200 2.7023113 2.9505787 3.0267622 3.0267622 3.0494226 3.0001802 3.0107479 3.1723676 3.1507290 3.0800736 3.0800736 3.0473142 2.8357689 2.7725989 2.7749003 2.7749003 2.7950280 
P07769-O_Acinetobacter-G_benA-T_BLAST       5.1122759 3.3774684 3.3774684 3.7834979 3.7569727 3.1753444 3.3828199 2.5625522 1.3255953 0.8487574 0.0000000 0.6639587 3.4827191 2.6484507 3.1355741 3.2194816 2.6218176 2.5895985 2.5942857 2.6101151 2.5964508 2.5964508 2.5788840 2.7719056 2.6875006 2.6875006 2.7202662 2.9575337 2.9138077 3.0267259 2.9497373 2.6087816 2.6087816 2.9728613 2.7169815 2.6684520 2.6414634 2.6414634 2.6462803 
P23099-O_Pseudomonas-G_xylX-T_BLAST         5.0036300 3.7815897 3.7815897 3.9363595 3.9633823 3.4764529 3.6518306 2.8649727 1.3427065 0.9253511 0.6639587 0.0000000 3.6248717 2.5858160 3.2817571 3.4195613 2.8491614 2.8845247 2.8892982 2.8902355 2.8885486 2.8885486 2.8697791 3.0200211 2.8784306 2.8784306 2.9094557 3.1957746 3.0760003 3.2019357 3.0985171 2.8280496 2.8280496 2.9556412 2.7530236 2.6748632 2.6090102 2.6090102 2.7278196 
O52379-O_Ralstonia-G_nagG-T_BLAST           5.1041282 4.0208122 4.0208122 4.1099450 4.0875331 3.8111917 3.7460260 3.2306433 3.6326428 3.3130698 3.4827191 3.6248717 0.0000000 2.0914514 1.8527411 1.8089790 2.9028488 2.7307494 2.7450784 2.7653463 2.7498515 2.7498515 2.7684635 2.9006907 3.0038939 3.0038939 2.9575972 2.9819711 2.9771489 3.0400021 2.9035464 2.9414792 2.9414792 2.8316580 2.7564314 2.7490455 2.7993784 2.7993784 2.7810638 
Q84BZ3-O_Burkholderia-G_andAc-T_BLAST       4.9585612 4.0461241 4.0461241 4.0605404 4.0279746 2.9217377 3.1273754 2.8101618 3.1774399 2.9367163 2.6484507 2.5858160 2.0914514 0.0000000 1.5506163 1.5742656 2.5726339 2.6341266 2.6294332 2.6503984 2.6355627 2.6355627 2.6533840 2.8751299 3.0112171 3.0112171 2.9747919 3.0741339 3.1167882 3.1143010 3.0310249 2.8479296 2.8479296 3.1045109 3.1211921 3.0213900 3.1043944 3.1043944 3.1412115 
Q3C1E3-O_Comamonas-G_tphA2I-T_BLAST         5.2950544 4.3468789 4.3468789 4.0242827 3.9391552 3.2113274 3.4253089 3.4700061 3.7644929 3.6294750 3.1355741 3.2817571 1.8527411 1.5506163 0.0000000 0.0404405 2.7303923 2.6403228 2.6710277 2.6751778 2.6597052 2.6597052 2.6401065 2.8009014 3.0513888 3.0513888 2.9835510 2.8138465 2.9165587 2.9376206 2.9450231 3.2536055 3.2536055 3.0835865 3.1336458 3.0065142 3.1145565 3.1145565 3.0870238 
Q3C1D5-O_Comamonas-G_tphA2II-T_BLAST        5.2921732 4.2865855 4.2865855 3.9715360 3.8880573 3.2411387 3.5255771 3.5099031 3.7736798 3.7125540 3.2194816 3.4195613 1.8089790 1.5742656 0.0404405 0.0000000 2.7813053 2.7505108 2.7825144 2.7871297 2.7706899 2.7706899 2.7503782 2.8131481 3.0909866 3.0909866 3.0246999 2.8065873 2.8998908 2.9981956 3.0026340 3.2288832 3.2288832 3.0320679 3.0891278 2.9706628 3.0760923 3.0760923 3.0489785 
Q7N4W0-O_Photorhabdus-G_hcaE-T_BLAST        4.4294510 3.7056144 3.7056144 3.7448181 3.7494071 2.9498486 3.0932958 2.8864497 2.7622677 2.8731121 2.6218176 2.8491614 2.9028488 2.5726339 2.7303923 2.7813053 0.0000000 0.2458073 0.2453761 0.2430861 0.2422163 0.2422163 0.2452586 1.1599394 1.1673565 1.1673565 1.1792662 1.2265571 1.2173116 1.1817209 1.2232631 1.5708992 1.5708992 1.8355261 1.8188138 1.8154082 1.8575813 1.8575813 1.8734691 
Q0T1Y1-O_Shigella-G_hcaE-T_BLAST            4.1648427 3.6821500 3.6821500 3.9763776 3.9748582 2.8493133 2.9463691 2.7950115 2.7213771 2.7163714 2.5895985 2.8845247 2.7307494 2.6341266 2.6403228 2.7505108 0.2458073 0.0000000 0.0046400 0.0069825 0.0046459 0.0046459 0.0069754 1.1462440 1.1548297 1.1548297 1.1565536 1.1696540 1.1628388 1.1330222 1.1398919 1.5549460 1.5549460 1.8226054 1.8245602 1.7456569 1.7720403 1.7720403 1.8129842 
Q83K39-O_Shigella-G_hcaE-T_BLAST            4.1589454 3.6853048 3.6853048 3.9796680 3.9781409 2.8457425 2.9409564 2.7748492 2.7233027 2.7187674 2.5942857 2.8892982 2.7450784 2.6294332 2.6710277 2.7825144 0.2453761 0.0046400 0.0000000 0.0069692 0.0046370 0.0046370 0.0069620 1.1368624 1.1451473 1.1451473 1.1468748 1.1598870 1.1532051 1.1237063 1.1388340 1.5630951 1.5630951 1.8318561 1.8338256 1.7545648 1.7811816 1.7811816 1.8222765 
Q31XV2-O_Shigella-G_hcaE-T_BLAST            4.1448222 3.6514689 3.6514689 3.9835581 3.9820173 2.8287896 2.9642106 2.8020441 2.7388392 2.7347253 2.6101151 2.8902355 2.7653463 2.6503984 2.6751778 2.7871297 0.2430861 0.0069825 0.0069692 0.0000000 0.0023186 0.0023186 0.0046414 1.1534152 1.1622573 1.1622573 1.1639827 1.1731757 1.1662933 1.1320047 1.1473889 1.5669005 1.5669005 1.8351724 1.8248829 1.7407308 1.7728100 1.7728100 1.8136805 
Q3YZ15-O_Shigella-G_hcaE-T_BLAST            4.1674167 3.6844056 3.6844056 3.9787377 3.9772128 2.8526882 2.9464840 2.7866020 2.7243723 2.7203200 2.5964508 2.8885486 2.7498515 2.6355627 2.6597052 2.7706899 0.2422163 0.0046459 0.0046370 0.0023186 0.0000000 0.0000010 0.0023162 1.1428623 1.1513418 1.1513418 1.1530674 1.1621633 1.1554486 1.1216371 1.1366970 1.5659589 1.5659589 1.8342176 1.8357321 1.7509350 1.7833942 1.7833942 1.8245340 
P0ABR5-O_Escherichia-G_hcaE-T_BLAST         4.1674167 3.6844056 3.6844056 3.9787377 3.9772128 2.8526882 2.9464840 2.7866020 2.7243723 2.7203200 2.5964508 2.8885486 2.7498515 2.6355627 2.6597052 2.7706899 0.2422163 0.0046459 0.0046370 0.0023186 0.0000010 0.0000000 0.0023162 1.1428623 1.1513418 1.1513418 1.1530674 1.1621633 1.1554486 1.1216371 1.1366970 1.5659589 1.5659589 1.8342176 1.8357321 1.7509350 1.7833942 1.7833942 1.8245340 
A8A344-O_Escherichia-G_hcaE-T_BLAST         4.1637411 3.6806771 3.6806771 3.9748399 3.9733240 2.8309884 2.9678115 2.7811825 2.7192103 2.7023113 2.5788840 2.8697791 2.7684635 2.6533840 2.6401065 2.7503782 0.2452586 0.0069754 0.0069620 0.0046414 0.0023162 0.0023162 0.0000000 1.1495999 1.1582988 1.1582988 1.1600221 1.1691679 1.1623555 1.1282839 1.1435310 1.5748111 1.5748111 1.8325418 1.8340537 1.7493402 1.7817464 1.7817464 1.8228526 
Q53122-O_Rhodococcus-G_bphA1-T_BLAST        4.6084698 3.7715010 3.7715010 4.0304252 3.9763656 3.1249592 3.0978327 3.0901125 2.9232622 2.9505787 2.7719056 3.0200211 2.9006907 2.8751299 2.8009014 2.8131481 1.1599394 1.1462440 1.1368624 1.1534152 1.1428623 1.1428623 1.1495999 0.0000000 0.3084761 0.3084761 0.3388278 0.5226667 0.5359009 0.5313515 0.5500239 1.7960889 1.7960889 1.9920386 1.9407012 1.9378597 1.9582541 1.9582541 1.9904077 
P0C618-O_Pseudomonas-G_bnzA-T_BLAST         4.6571948 3.7531267 3.7531267 4.0323855 3.9814919 3.3708326 3.3438670 3.0537436 2.8192816 3.0267622 2.6875006 2.8784306 3.0038939 3.0112171 3.0513888 3.0909866 1.1673565 1.1548297 1.1451473 1.1622573 1.1513418 1.1513418 1.1582988 0.3084761 0.0000000 0.0000010 0.0868378 0.5467220 0.5593759 0.5199896 0.5678834 1.6456366 1.6456366 1.9570381 1.8854598 1.8560759 1.8946344 1.8946344 1.9132236 
A5W4F2-O_Pseudomonas-G_bnzA-T_BLAST         4.6571948 3.7531267 3.7531267 4.0323855 3.9814919 3.3708326 3.3438670 3.0537436 2.8192816 3.0267622 2.6875006 2.8784306 3.0038939 3.0112171 3.0513888 3.0909866 1.1673565 1.1548297 1.1451473 1.1622573 1.1513418 1.1513418 1.1582988 0.3084761 0.0000010 0.0000000 0.0868378 0.5467220 0.5593759 0.5199896 0.5678834 1.6456366 1.6456366 1.9570381 1.8854598 1.8560759 1.8946344 1.8946344 1.9132236 
Q07944-O_Pseudomonas-G_bedC1-T_BLAST        4.5887902 3.7667631 3.7667631 3.9789810 3.9297239 3.3434410 3.3091222 3.0869489 2.8409321 3.0494226 2.7202662 2.9094557 2.9575972 2.9747919 2.9835510 3.0246999 1.1792662 1.1565536 1.1468748 1.1639827 1.1530674 1.1530674 1.1600221 0.3388278 0.0868378 0.0868378 0.0000000 0.5488831 0.5629267 0.5279113 0.5509098 1.6699952 1.6699952 1.9735756 1.9064405 1.8604550 1.9192263 1.9192263 1.9397426 
Q52028-O_Pseudomonas-G_bphA-T_BLAST         5.0499476 3.5425608 3.5425608 3.8871211 3.8552666 3.3448484 3.2378281 3.1692662 2.9830026 3.0001802 2.9575337 3.1957746 2.9819711 3.0741339 2.8138465 2.8065873 1.2265571 1.1696540 1.1598870 1.1731757 1.1621633 1.1621633 1.1691679 0.5226667 0.5467220 0.5467220 0.5488831 0.0000000 0.0696565 0.3564393 0.3614091 1.6323020 1.6323020 2.1188037 2.0407302 1.9438702 2.0427224 2.0427224 2.0551585 
P37333-O_Paraburkholderia-G_bphA-T_BLAST    4.8518989 3.5522338 3.5522338 3.9919150 3.9595333 3.3383822 3.2888449 3.2337028 3.0035632 3.0107479 2.9138077 3.0760003 2.9771489 3.1167882 2.9165587 2.8998908 1.2173116 1.1628388 1.1532051 1.1662933 1.1554486 1.1554486 1.1623555 0.5359009 0.5593759 0.5593759 0.5629267 0.0696565 0.0000000 0.3455749 0.3608930 1.6549320 1.6549320 2.1423044 2.0819139 1.9848758 2.0834647 2.0834647 2.0792414 
Q46372-O_Comamonas-G_bphA-T_BLAST           4.6607263 3.5334045 3.5334045 4.0466828 4.0133628 3.1167511 3.5305663 3.3096061 3.0388369 3.1723676 3.0267259 3.2019357 3.0400021 3.1143010 2.9376206 2.9981956 1.1817209 1.1330222 1.1237063 1.1320047 1.1216371 1.1216371 1.1282839 0.5313515 0.5199896 0.5199896 0.5279113 0.3564393 0.3455749 0.0000000 0.2163674 1.7211271 1.7211271 2.0641424 2.0053199 1.9332518 2.0435609 2.0435609 2.0468097 
Q52438-O_Pseudomonas-G_bphA1-T_BLAST        4.9332864 3.4939500 3.4939500 3.8056073 3.7885628 2.9792662 3.3928078 3.2822578 2.9102233 3.1507290 2.9497373 3.0985171 2.9035464 3.0310249 2.9450231 3.0026340 1.2232631 1.1398919 1.1388340 1.1473889 1.1366970 1.1366970 1.1435310 0.5500239 0.5678834 0.5678834 0.5509098 0.3614091 0.3608930 0.2163674 0.0000000 1.7210347 1.7210347 2.0738212 2.0285704 1.9734801 2.0664986 2.0664986 2.0728312 
AGZ63449.1-O_Sphingobium-NCBI               4.2021265 3.4094054 3.4094054 3.5559195 3.5430006 3.4861052 3.2429665 2.7593757 2.6357840 3.0800736 2.6087816 2.8280496 2.9414792 2.8479296 3.2536055 3.2288832 1.5708992 1.5549460 1.5630951 1.5669005 1.5659589 1.5659589 1.5748111 1.7960889 1.6456366 1.6456366 1.6699952 1.6323020 1.6549320 1.7211271 1.7210347 0.0000000 0.0000010 1.5066598 1.3583463 1.3429242 1.3379250 1.3379250 1.3248483 
U5XLI6-O_Sphingobium-G_ahdA1f-T_Query       4.2021265 3.4094054 3.4094054 3.5559195 3.5430006 3.4861052 3.2429665 2.7593757 2.6357840 3.0800736 2.6087816 2.8280496 2.9414792 2.8479296 3.2536055 3.2288832 1.5708992 1.5549460 1.5630951 1.5669005 1.5659589 1.5659589 1.5748111 1.7960889 1.6456366 1.6456366 1.6699952 1.6323020 1.6549320 1.7211271 1.7210347 0.0000010 0.0000000 1.5066598 1.3583463 1.3429242 1.3379250 1.3379250 1.3248483 
Q45695-O_Burkholderia-G_dntAc-T_BLAST       4.6270828 3.6516378 3.6516378 3.5751431 3.5496717 3.4856028 3.7120854 2.9558346 3.1696921 3.0473142 2.9728613 2.9556412 2.8316580 3.1045109 3.0835865 3.0320679 1.8355261 1.8226054 1.8318561 1.8351724 1.8342176 1.8342176 1.8325418 1.9920386 1.9570381 1.9570381 1.9735756 2.1188037 2.1423044 2.0641424 2.0738212 1.5066598 1.5066598 0.0000000 0.1475561 0.2815436 0.2590299 0.2590299 0.2529439 
O52382-O_Ralstonia-G_nagAc-T_BLAST          4.5817968 3.2472063 3.2472063 3.2616124 3.2382587 3.1733105 3.6692906 2.7811528 2.9899784 2.8357689 2.7169815 2.7530236 2.7564314 3.1211921 3.1336458 3.0891278 1.8188138 1.8245602 1.8338256 1.8248829 1.8357321 1.8357321 1.8340537 1.9407012 1.8854598 1.8854598 1.9064405 2.0407302 2.0819139 2.0053199 2.0285704 1.3583463 1.3583463 0.1475561 0.0000000 0.1360966 0.1161444 0.1161444 0.1048147 
Q51494-O_Pseudomonas-G_ndoB-T_BLAST         4.5183297 3.1689899 3.1689899 3.1143232 3.1015317 3.1895135 3.3886895 2.8312817 2.8775729 2.7725989 2.6684520 2.6748632 2.7490455 3.0213900 3.0065142 2.9706628 1.8154082 1.7456569 1.7545648 1.7407308 1.7509350 1.7509350 1.7493402 1.9378597 1.8560759 1.8560759 1.8604550 1.9438702 1.9848758 1.9332518 1.9734801 1.3429242 1.3429242 0.2815436 0.1360966 0.0000000 0.1118094 0.1118094 0.1043183 
P0A111-O_Pseudomonas-G_doxB-T_BLAST         4.3439956 3.2805217 3.2805217 3.2553781 3.2319553 3.2531790 3.5776644 2.8522407 2.9081138 2.7749003 2.6414634 2.6090102 2.7993784 3.1043944 3.1145565 3.0760923 1.8575813 1.7720403 1.7811816 1.7728100 1.7833942 1.7833942 1.7817464 1.9582541 1.8946344 1.8946344 1.9192263 2.0427224 2.0834647 2.0435609 2.0664986 1.3379250 1.3379250 0.2590299 0.1161444 0.1118094 0.0000000 0.0000010 0.0425510 
P0A110-O_Pseudomonas-G_ndoB-T_BLAST         4.3439956 3.2805217 3.2805217 3.2553781 3.2319553 3.2531790 3.5776644 2.8522407 2.9081138 2.7749003 2.6414634 2.6090102 2.7993784 3.1043944 3.1145565 3.0760923 1.8575813 1.7720403 1.7811816 1.7728100 1.7833942 1.7833942 1.7817464 1.9582541 1.8946344 1.8946344 1.9192263 2.0427224 2.0834647 2.0435609 2.0664986 1.3379250 1.3379250 0.2590299 0.1161444 0.1118094 0.0000010 0.0000000 0.0425510 
O07824-O_Pseudomonas-G_ndoB-T_BLAST         4.4040666 3.2440046 3.2440046 3.2286504 3.2053895 3.1580993 3.6284624 2.8576065 2.9997877 2.7950280 2.6462803 2.7278196 2.7810638 3.1412115 3.0870238 3.0489785 1.8734691 1.8129842 1.8222765 1.8136805 1.8245340 1.8245340 1.8228526 1.9904077 1.9132236 1.9132236 1.9397426 2.0551585 2.0792414 2.0468097 2.0728312 1.3248483 1.3248483 0.2529439 0.1048147 0.1043183 0.0425510 0.0425510 0.0000000 
